0	0
0.01	0
0.02	0
0.03	0
0.04	0
0.05	0
0.06	0
0.07	0
0.08	0
0.09	0
0.1	0
0.11	0
0.12	0
0.13	0
0.14	0
0.15	0
0.16	0
0.17	0
0.18	0
0.19	0
0.2	0
0.21	0
0.22	0
0.23	0
0.24	0
0.25	0
0.26	0
0.27	0
0.28	0
0.29	0
0.3	0
0.31	0
0.32	0
0.33	0
0.34	0
0.35	0
0.36	0
0.37	0
0.38	0
0.39	0
0.4	0
0.41	0
0.42	0
0.43	0
0.44	0
0.45	0
0.46	0
0.47	0
0.48	0
0.49	0
0.5	0
0.51	0
0.52	0
0.53	0
0.54	0
0.55	0
0.56	0
0.57	0
0.58	0
0.59	0
0.6	0
0.61	0
0.62	0
0.63	0
0.64	0
0.65	0
0.66	0
0.67	0
0.68	0
0.69	0
0.7	0
0.71	0
0.72	0
0.73	0
0.74	0
0.75	0
0.76	0
0.77	0
0.78	0
0.79	0
0.8	0
0.81	0
0.82	0
0.83	0
0.84	0
0.85	0
0.86	0
0.87	0
0.88	0
0.89	0
0.9	0
0.91	0
0.92	0
0.93	0
0.94	0
0.95	0
0.96	0
0.97	0
0.98	0
0.99	0
1	0
1.01	0
1.02	0
1.03	0
1.04	0
1.05	0
1.06	0
1.07	0
1.08	0
1.09	0
1.1	0
1.11	0
1.12	0
1.13	0
1.14	0
1.15	0
1.16	0
1.17	0
1.18	0
1.19	0
1.2	0
1.21	0
1.22	0
1.23	0
1.24	0
1.25	0
1.26	0
1.27	0
1.28	0
1.29	0
1.3	0
1.31	0
1.32	0
1.33	0
1.34	0
1.35	0
1.36	0
1.37	0
1.38	0
1.39	0
1.4	0
1.41	0
1.42	0
1.43	0
1.44	0
1.45	0
1.46	0
1.47	0
1.48	0
1.49	0
1.5	0
1.51	0
1.52	0
1.53	0
1.54	0
1.55	0
1.56	0
1.57	0
1.58	0
1.59	0
1.6	0
1.61	0
1.62	0
1.63	0
1.64	0
1.65	0
1.66	0
1.67	0
1.68	0
1.69	0
1.7	0
1.71	0
1.72	0
1.73	0
1.74	0
1.75	0
1.76	0
1.77	0
1.78	0
1.79	0
1.8	0
1.81	0
1.82	0
1.83	0
1.84	0
1.85	0
1.86	0
1.87	0
1.88	0
1.89	0
1.9	0
1.91	0
1.92	0
1.93	0
1.94	0
1.95	0
1.96	0
1.97	0
1.98	0
1.99	0
2	0
2.01	0
2.02	0
2.03	0
2.04	0
2.05	0
2.06	0
2.07	0
2.08	0
2.09	0
2.1	0
2.11	0
2.12	0
2.13	0
2.14	0
2.15	0
2.16	0
2.17	0
2.18	0
2.19	0
2.2	0
2.21	0
2.22	0
2.23	0
2.24	0
2.25	0
2.26	0
2.27	0
2.28	0
2.29	0
2.3	0
2.31	0
2.32	0
2.33	0
2.34	0
2.35	0
2.36	0
2.37	0
2.38	0
2.39	0
2.4	0
2.41	0
2.42	0
2.43	0
2.44	0
2.45	0
2.46	0
2.47	0
2.48	0
2.49	0
2.5	0
2.51	0
2.52	0
2.53	0
2.54	0
2.55	0
2.56	0
2.57	0
2.58	0
2.59	0
2.6	0
2.61	0
2.62	0
2.63	0
2.64	0
2.65	0
2.66	0
2.67	0
2.68	0
2.69	0
2.7	0
2.71	0
2.72	0
2.73	0
2.74	0
2.75	0
2.76	0
2.77	0
2.78	0
2.79	0
2.8	0
2.81	0
2.82	0
2.83	0
2.84	0
2.85	0
2.86	0
2.87	0
2.88	0
2.89	0
2.9	0
2.91	0
2.92	0
2.93	0
2.94	0
2.95	0
2.96	0
2.97	0
2.98	0
2.99	0
3	0
3.01	0
3.02	0
3.03	0
3.04	0
3.05	0
3.06	0
3.07	0
3.08	0
3.09	0
3.1	0
3.11	0
3.12	0
3.13	0
3.14	0
3.15	0
3.16	0
3.17	0
3.18	0
3.19	0
3.2	0
3.21	0
3.22	0
3.23	0
3.24	0
3.25	0
3.26	0
3.27	0
3.28	0
3.29	0
3.3	0
3.31	0
3.32	0
3.33	0
3.34	0
3.35	0
3.36	0
3.37	0
3.38	0
3.39	0
3.4	0
3.41	0
3.42	0
3.43	0
3.44	0
3.45	0
3.46	0
3.47	0
3.48	0
3.49	0
3.5	0
3.51	0
3.52	0
3.53	0
3.54	0
3.55	0
3.56	0
3.57	0
3.58	0
3.59	0
3.6	0
3.61	0
3.62	0
3.63	0
3.64	0
3.65	0
3.66	0
3.67	0
3.68	0
3.69	0
3.7	0
3.71	0
3.72	0
3.73	0
3.74	0
3.75	0
3.76	0
3.77	0
3.78	0
3.79	0
3.8	0
3.81	0
3.82	0
3.83	0
3.84	0
3.85	0
3.86	0
3.87	0
3.88	0
3.89	0
3.9	0
3.91	0
3.92	0
3.93	0
3.94	0
3.95	0
3.96	0
3.97	0
3.98	0
3.99	0
4	0
4.01	0
4.02	0
4.03	0
4.04	0
4.05	0
4.06	0
4.07	0
4.08	0
4.09	0
4.1	0
4.11	0
4.12	0
4.13	0
4.14	0
4.15	0
4.16	0
4.17	0
4.18	0
4.19	0
4.2	0
4.21	0
4.22	0
4.23	0
4.24	0
4.25	0
4.26	0
4.27	0
4.28	0
4.29	0
4.3	0
4.31	0
4.32	0
4.33	0
4.34	0
4.35	0
4.36	0
4.37	0
4.38	0
4.39	0
4.4	0
4.41	0
4.42	0
4.43	0
4.44	0
4.45	0
4.46	0
4.47	0
4.48	0
4.49	0
4.5	0
4.51	0
4.52	0
4.53	0
4.54	0
4.55	0
4.56	0
4.57	0
4.58	0
4.59	0
4.6	0
4.61	0
4.62	0
4.63	0
4.64	0
4.65	0
4.66	220
4.67	220
4.68	220
4.69	220
4.7	220
4.71	220
4.72	220
4.73	220
4.74	220
4.75	220
4.76	220
4.77	220
4.78	220
4.79	220
4.8	0
4.81	0
4.82	0
4.83	0
4.84	0
4.85	0
4.86	0
4.87	0
4.88	329.63
4.89	329.63
4.9	329.63
4.91	329.63
4.92	329.63
4.93	329.63
4.94	329.63
4.95	329.63
4.96	329.63
4.97	329.63
4.98	329.63
4.99	329.63
5	329.63
5.01	329.63
5.02	329.63
5.03	329.63
5.04	329.63
5.05	329.63
5.06	0
5.07	0
5.08	293.66
5.09	293.66
5.1	293.66
5.11	293.66
5.12	293.66
5.13	293.66
5.14	293.66
5.15	293.66
5.16	293.66
5.17	293.66
5.18	293.66
5.19	293.66
5.2	293.66
5.21	293.66
5.22	293.66
5.23	293.66
5.24	293.66
5.25	293.66
5.26	293.66
5.27	293.66
5.28	0
5.29	277.18
5.3	277.18
5.31	277.18
5.32	277.18
5.33	277.18
5.34	277.18
5.35	277.18
5.36	277.18
5.37	277.18
5.38	277.18
5.39	277.18
5.4	277.18
5.41	0
5.42	0
5.43	0
5.44	0
5.45	0
5.46	0
5.47	0
5.48	0
5.49	0
5.5	0
5.51	0
5.52	0
5.53	329.63
5.54	329.63
5.55	329.63
5.56	329.63
5.57	329.63
5.58	329.63
5.59	329.63
5.6	329.63
5.61	329.63
5.62	329.63
5.63	329.63
5.64	329.63
5.65	329.63
5.66	329.63
5.67	329.63
5.68	329.63
5.69	329.63
5.7	329.63
5.71	329.63
5.72	329.63
5.73	329.63
5.74	329.63
5.75	329.63
5.76	329.63
5.77	329.63
5.78	329.63
5.79	329.63
5.8	329.63
5.81	329.63
5.82	329.63
5.83	329.63
5.84	329.63
5.85	329.63
5.86	329.63
5.87	0
5.88	0
5.89	0
5.9	0
5.91	0
5.92	0
5.93	0
5.94	0
5.95	0
5.96	0
5.97	0
5.98	0
5.99	0
6	0
6.01	0
6.02	0
6.03	0
6.04	0
6.05	0
6.06	0
6.07	0
6.08	0
6.09	0
6.1	0
6.11	0
6.12	0
6.13	0
6.14	0
6.15	0
6.16	0
6.17	0
6.18	0
6.19	0
6.2	0
6.21	0
6.22	0
6.23	0
6.24	0
6.25	0
6.26	0
6.27	0
6.28	0
6.29	0
6.3	0
6.31	0
6.32	0
6.33	0
6.34	0
6.35	0
6.36	0
6.37	0
6.38	0
6.39	0
6.4	0
6.41	0
6.42	0
6.43	0
6.44	0
6.45	0
6.46	0
6.47	0
6.48	0
6.49	0
6.5	0
6.51	0
6.52	0
6.53	0
6.54	0
6.55	0
6.56	0
6.57	0
6.58	0
6.59	0
6.6	0
6.61	0
6.62	0
6.63	0
6.64	0
6.65	0
6.66	0
6.67	0
6.68	0
6.69	0
6.7	0
6.71	0
6.72	0
6.73	0
6.74	0
6.75	0
6.76	0
6.77	0
6.78	0
6.79	0
6.8	0
6.81	0
6.82	0
6.83	0
6.84	0
6.85	0
6.86	0
6.87	0
6.88	0
6.89	0
6.9	0
6.91	0
6.92	0
6.93	0
6.94	0
6.95	0
6.96	0
6.97	0
6.98	0
6.99	0
7	0
7.01	0
7.02	0
7.03	0
7.04	0
7.05	0
7.06	0
7.07	0
7.08	0
7.09	0
7.1	0
7.11	0
7.12	0
7.13	0
7.14	0
7.15	0
7.16	0
7.17	0
7.18	0
7.19	0
7.2	0
7.21	0
7.22	0
7.23	0
7.24	0
7.25	0
7.26	0
7.27	0
7.28	0
7.29	0
7.3	0
7.31	0
7.32	0
7.33	0
7.34	0
7.35	0
7.36	0
7.37	0
7.38	0
7.39	0
7.4	0
7.41	0
7.42	0
7.43	0
7.44	0
7.45	0
7.46	0
7.47	0
7.48	0
7.49	0
7.5	0
7.51	0
7.52	0
7.53	0
7.54	0
7.55	0
7.56	0
7.57	0
7.58	0
7.59	0
7.6	0
7.61	0
7.62	0
7.63	0
7.64	0
7.65	0
7.66	0
7.67	0
7.68	0
7.69	0
7.7	0
7.71	0
7.72	0
7.73	0
7.74	0
7.75	0
7.76	0
7.77	0
7.78	0
7.79	0
7.8	0
7.81	0
7.82	0
7.83	0
7.84	0
7.85	0
7.86	0
7.87	0
7.88	0
7.89	0
7.9	0
7.91	0
7.92	0
7.93	0
7.94	0
7.95	0
7.96	0
7.97	0
7.98	0
7.99	0
8	0
8.01	0
8.02	0
8.03	0
8.04	0
8.05	0
8.06	0
8.07	0
8.08	0
8.09	0
8.1	0
8.11	0
8.12	0
8.13	0
8.14	0
8.15	0
8.16	0
8.17	0
8.18	0
8.19	0
8.2	0
8.21	0
8.22	0
8.23	0
8.24	0
8.25	0
8.26	0
8.27	0
8.28	0
8.29	0
8.3	0
8.31	0
8.32	0
8.33	0
8.34	0
8.35	0
8.36	0
8.37	0
8.38	0
8.39	0
8.4	0
8.41	0
8.42	0
8.43	0
8.44	0
8.45	0
8.46	0
8.47	0
8.48	0
8.49	0
8.5	0
8.51	0
8.52	0
8.53	0
8.54	0
8.55	0
8.56	0
8.57	0
8.58	0
8.59	0
8.6	0
8.61	0
8.62	0
8.63	0
8.64	0
8.65	0
8.66	0
8.67	0
8.68	0
8.69	0
8.7	0
8.71	0
8.72	0
8.73	0
8.74	0
8.75	0
8.76	0
8.77	0
8.78	0
8.79	0
8.8	220
8.81	220
8.82	220
8.83	220
8.84	220
8.85	220
8.86	220
8.87	220
8.88	220
8.89	220
8.9	220
8.91	220
8.92	220
8.93	220
8.94	220
8.95	220
8.96	220
8.97	220
8.98	220
8.99	220
9	220
9.01	220
9.02	220
9.03	220
9.04	220
9.05	0
9.06	0
9.07	0
9.08	0
9.09	0
9.1	0
9.11	0
9.12	0
9.13	0
9.14	0
9.15	0
9.16	0
9.17	0
9.18	0
9.19	0
9.2	0
9.21	0
9.22	392
9.23	392
9.24	392
9.25	392
9.26	392
9.27	392
9.28	392
9.29	392
9.3	392
9.31	392
9.32	392
9.33	392
9.34	392
9.35	392
9.36	392
9.37	392
9.38	392
9.39	392
9.4	392
9.41	392
9.42	392
9.43	392
9.44	392
9.45	392
9.46	392
9.47	392
9.48	392
9.49	392
9.5	0
9.51	0
9.52	0
9.53	0
9.54	0
9.55	0
9.56	0
9.57	0
9.58	0
9.59	0
9.6	0
9.61	0
9.62	0
9.63	0
9.64	0
9.65	0
9.66	369.99
9.67	369.99
9.68	369.99
9.69	369.99
9.7	369.99
9.71	369.99
9.72	369.99
9.73	369.99
9.74	369.99
9.75	369.99
9.76	369.99
9.77	369.99
9.78	369.99
9.79	369.99
9.8	369.99
9.81	369.99
9.82	0
9.83	0
9.84	0
9.85	0
9.86	0
9.87	329.63
9.88	329.63
9.89	329.63
9.9	329.63
9.91	329.63
9.92	329.63
9.93	329.63
9.94	329.63
9.95	329.63
9.96	329.63
9.97	329.63
9.98	329.63
9.99	329.63
10	329.63
10.01	329.63
10.02	329.63
10.03	329.63
10.04	329.63
10.05	329.63
10.06	0
10.07	0
10.08	0
10.09	0
10.1	0
10.11	293.66
10.12	293.66
10.13	293.66
10.14	293.66
10.15	293.66
10.16	293.66
10.17	293.66
10.18	293.66
10.19	293.66
10.2	293.66
10.21	293.66
10.22	293.66
10.23	293.66
10.24	293.66
10.25	0
10.26	0
10.27	0
10.28	0
10.29	0
10.3	369.99
10.31	369.99
10.32	369.99
10.33	369.99
10.34	369.99
10.35	369.99
10.36	369.99
10.37	369.99
10.38	369.99
10.39	369.99
10.4	369.99
10.41	369.99
10.42	0
10.43	0
10.44	0
10.45	0
10.46	0
10.47	0
10.48	0
10.49	0
10.5	0
10.51	0
10.52	329.63
10.53	329.63
10.54	329.63
10.55	329.63
10.56	329.63
10.57	329.63
10.58	329.63
10.59	329.63
10.6	329.63
10.61	329.63
10.62	329.63
10.63	329.63
10.64	329.63
10.65	329.63
10.66	329.63
10.67	329.63
10.68	329.63
10.69	329.63
10.7	329.63
10.71	329.63
10.72	329.63
10.73	329.63
10.74	329.63
10.75	329.63
10.76	329.63
10.77	329.63
10.78	329.63
10.79	329.63
10.8	329.63
10.81	329.63
10.82	329.63
10.83	329.63
10.84	329.63
10.85	329.63
10.86	329.63
10.87	0
10.88	0
10.89	0
10.9	0
10.91	0
10.92	0
10.93	0
10.94	0
10.95	0
10.96	0
10.97	0
10.98	0
10.99	0
11	0
11.01	0
11.02	0
11.03	0
11.04	0
11.05	0
11.06	0
11.07	0
11.08	0
11.09	0
11.1	0
11.11	0
11.12	0
11.13	0
11.14	0
11.15	0
11.16	0
11.17	0
11.18	0
11.19	0
11.2	0
11.21	0
11.22	0
11.23	0
11.24	0
11.25	0
11.26	0
11.27	0
11.28	0
11.29	0
11.3	0
11.31	0
11.32	0
11.33	0
11.34	0
11.35	0
11.36	0
11.37	0
11.38	0
11.39	0
11.4	0
11.41	0
11.42	0
11.43	0
11.44	0
11.45	0
11.46	0
11.47	0
11.48	0
11.49	0
11.5	0
11.51	0
11.52	0
11.53	0
11.54	0
11.55	0
11.56	0
11.57	0
11.58	0
11.59	0
11.6	0
11.61	0
11.62	0
11.63	0
11.64	0
11.65	0
11.66	0
11.67	0
11.68	0
11.69	0
11.7	0
11.71	0
11.72	0
11.73	0
11.74	0
11.75	0
11.76	0
11.77	0
11.78	0
11.79	0
11.8	0
11.81	0
11.82	0
11.83	0
11.84	369.99
11.85	369.99
11.86	369.99
11.87	369.99
11.88	369.99
11.89	369.99
11.9	369.99
11.91	369.99
11.92	369.99
11.93	369.99
11.94	369.99
11.95	369.99
11.96	369.99
11.97	369.99
11.98	369.99
11.99	369.99
12	369.99
12.01	369.99
12.02	369.99
12.03	369.99
12.04	369.99
12.05	0
12.06	329.63
12.07	329.63
12.08	329.63
12.09	329.63
12.1	329.63
12.11	329.63
12.12	329.63
12.13	329.63
12.14	329.63
12.15	329.63
12.16	329.63
12.17	329.63
12.18	329.63
12.19	329.63
12.2	329.63
12.21	329.63
12.22	329.63
12.23	329.63
12.24	329.63
12.25	329.63
12.26	329.63
12.27	329.63
12.28	329.63
12.29	329.63
12.3	0
12.31	0
12.32	0
12.33	0
12.34	0
12.35	0
12.36	0
12.37	0
12.38	0
12.39	0
12.4	0
12.41	0
12.42	0
12.43	0
12.44	0
12.45	0
12.46	0
12.47	0
12.48	0
12.49	0
12.5	329.63
12.51	329.63
12.52	329.63
12.53	329.63
12.54	329.63
12.55	329.63
12.56	329.63
12.57	329.63
12.58	329.63
12.59	329.63
12.6	329.63
12.61	329.63
12.62	329.63
12.63	329.63
12.64	329.63
12.65	329.63
12.66	329.63
12.67	329.63
12.68	329.63
12.69	329.63
12.7	329.63
12.71	329.63
12.72	329.63
12.73	329.63
12.74	329.63
12.75	329.63
12.76	329.63
12.77	329.63
12.78	329.63
12.79	329.63
12.8	329.63
12.81	329.63
12.82	329.63
12.83	329.63
12.84	329.63
12.85	329.63
12.86	329.63
12.87	329.63
12.88	0
12.89	0
12.9	0
12.91	0
12.92	0
12.93	0
12.94	0
12.95	0
12.96	0
12.97	0
12.98	0
12.99	0
13	0
13.01	0
13.02	0
13.03	0
13.04	0
13.05	0
13.06	0
13.07	0
13.08	0
13.09	0
13.1	0
13.11	0
13.12	0
13.13	0
13.14	0
13.15	0
13.16	0
13.17	0
13.18	0
13.19	0
13.2	0
13.21	0
13.22	0
13.23	0
13.24	0
13.25	0
13.26	0
13.27	0
13.28	0
13.29	0
13.3	0
13.31	0
13.32	0
13.33	0
13.34	0
13.35	0
13.36	0
13.37	0
13.38	0
13.39	0
13.4	0
13.41	0
13.42	0
13.43	0
13.44	0
13.45	0
13.46	0
13.47	0
13.48	0
13.49	0
13.5	0
13.51	0
13.52	0
13.53	0
13.54	0
13.55	0
13.56	0
13.57	0
13.58	0
13.59	0
13.6	0
13.61	0
13.62	0
13.63	0
13.64	0
13.65	0
13.66	0
13.67	0
13.68	0
13.69	0
13.7	0
13.71	0
13.72	0
13.73	0
13.74	0
13.75	0
13.76	0
13.77	0
13.78	0
13.79	0
13.8	0
13.81	0
13.82	0
13.83	0
13.84	0
13.85	0
13.86	0
13.87	0
13.88	0
13.89	0
13.9	0
13.91	0
13.92	0
13.93	0
13.94	0
13.95	0
13.96	0
13.97	0
13.98	0
13.99	0
14	0
14.01	0
14.02	0
14.03	0
14.04	0
14.05	0
14.06	0
14.07	0
14.08	0
14.09	0
14.1	0
14.11	0
14.12	0
14.13	0
14.14	0
14.15	0
14.16	0
14.17	0
14.18	0
14.19	0
14.2	0
14.21	0
14.22	0
14.23	0
14.24	0
14.25	0
14.26	0
14.27	0
14.28	0
14.29	0
14.3	0
14.31	0
14.32	0
14.33	0
14.34	0
14.35	0
14.36	0
14.37	0
14.38	0
14.39	0
14.4	0
14.41	0
14.42	0
14.43	0
14.44	0
14.45	0
14.46	0
14.47	0
14.48	0
14.49	0
14.5	0
14.51	0
14.52	0
14.53	0
14.54	0
14.55	0
14.56	0
14.57	0
14.58	0
14.59	0
14.6	0
14.61	0
14.62	0
14.63	0
14.64	0
14.65	0
14.66	0
14.67	0
14.68	0
14.69	0
14.7	0
14.71	0
14.72	0
14.73	0
14.74	0
14.75	0
14.76	0
14.77	0
14.78	0
14.79	0
14.8	0
14.81	0
14.82	0
14.83	0
14.84	0
14.85	0
14.86	0
14.87	0
14.88	0
14.89	0
14.9	0
14.91	0
14.92	0
14.93	0
14.94	0
14.95	0
14.96	0
14.97	0
14.98	0
14.99	0
15	0
15.01	0
15.02	0
15.03	0
15.04	0
15.05	0
15.06	0
15.07	0
15.08	0
15.09	0
15.1	0
15.11	0
15.12	0
15.13	0
15.14	0
15.15	0
15.16	0
15.17	0
15.18	0
15.19	0
15.2	0
15.21	0
15.22	0
15.23	0
15.24	0
15.25	0
15.26	0
15.27	0
15.28	0
15.29	0
15.3	0
15.31	0
15.32	0
15.33	0
15.34	0
15.35	0
15.36	0
15.37	0
15.38	0
15.39	0
15.4	0
15.41	0
15.42	0
15.43	0
15.44	0
15.45	0
15.46	0
15.47	0
15.48	0
15.49	0
15.5	0
15.51	0
15.52	0
15.53	0
15.54	0
15.55	0
15.56	0
15.57	0
15.58	0
15.59	0
15.6	0
15.61	0
15.62	0
15.63	0
15.64	0
15.65	0
15.66	0
15.67	0
15.68	0
15.69	0
15.7	0
15.71	0
15.72	0
15.73	0
15.74	0
15.75	220
15.76	220
15.77	220
15.78	220
15.79	220
15.8	220
15.81	220
15.82	220
15.83	220
15.84	220
15.85	220
15.86	220
15.87	220
15.88	220
15.89	220
15.9	220
15.91	220
15.92	220
15.93	220
15.94	220
15.95	220
15.96	220
15.97	220
15.98	220
15.99	220
16	220
16.01	220
16.02	220
16.03	0
16.04	0
16.05	0
16.06	0
16.07	0
16.08	0
16.09	0
16.1	0
16.11	0
16.12	0
16.13	0
16.14	0
16.15	0
16.16	0
16.17	0
16.18	392
16.19	392
16.2	392
16.21	392
16.22	392
16.23	392
16.24	392
16.25	392
16.26	392
16.27	392
16.28	392
16.29	392
16.3	392
16.31	392
16.32	392
16.33	392
16.34	392
16.35	392
16.36	392
16.37	392
16.38	392
16.39	392
16.4	392
16.41	392
16.42	392
16.43	392
16.44	392
16.45	392
16.46	0
16.47	0
16.48	0
16.49	0
16.5	0
16.51	0
16.52	0
16.53	0
16.54	0
16.55	0
16.56	0
16.57	0
16.58	0
16.59	0
16.6	0
16.61	0
16.62	0
16.63	369.99
16.64	369.99
16.65	369.99
16.66	369.99
16.67	369.99
16.68	369.99
16.69	369.99
16.7	369.99
16.71	369.99
16.72	369.99
16.73	369.99
16.74	369.99
16.75	369.99
16.76	369.99
16.77	369.99
16.78	369.99
16.79	369.99
16.8	369.99
16.81	369.99
16.82	369.99
16.83	369.99
16.84	369.99
16.85	369.99
16.86	369.99
16.87	369.99
16.88	369.99
16.89	369.99
16.9	369.99
16.91	369.99
16.92	369.99
16.93	369.99
16.94	369.99
16.95	369.99
16.96	369.99
16.97	369.99
16.98	369.99
16.99	369.99
17	369.99
17.01	369.99
17.02	369.99
17.03	369.99
17.04	369.99
17.05	369.99
17.06	369.99
17.07	369.99
17.08	369.99
17.09	369.99
17.1	369.99
17.11	369.99
17.12	369.99
17.13	369.99
17.14	369.99
17.15	369.99
17.16	0
17.17	0
17.18	0
17.19	0
17.2	0
17.21	0
17.22	0
17.23	0
17.24	0
17.25	329.63
17.26	329.63
17.27	329.63
17.28	329.63
17.29	329.63
17.3	329.63
17.31	329.63
17.32	329.63
17.33	329.63
17.34	329.63
17.35	329.63
17.36	329.63
17.37	329.63
17.38	329.63
17.39	329.63
17.4	329.63
17.41	329.63
17.42	329.63
17.43	329.63
17.44	329.63
17.45	329.63
17.46	329.63
17.47	329.63
17.48	329.63
17.49	329.63
17.5	329.63
17.51	329.63
17.52	329.63
17.53	329.63
17.54	329.63
17.55	329.63
17.56	0
17.57	0
17.58	0
17.59	0
17.6	0
17.61	0
17.62	0
17.63	0
17.64	0
17.65	0
17.66	0
17.67	0
17.68	0
17.69	0
17.7	0
17.71	0
17.72	329.63
17.73	329.63
17.74	329.63
17.75	329.63
17.76	329.63
17.77	329.63
17.78	329.63
17.79	329.63
17.8	329.63
17.81	329.63
17.82	329.63
17.83	329.63
17.84	329.63
17.85	329.63
17.86	329.63
17.87	329.63
17.88	329.63
17.89	329.63
17.9	329.63
17.91	329.63
17.92	329.63
17.93	329.63
17.94	329.63
17.95	329.63
17.96	329.63
17.97	329.63
17.98	329.63
17.99	329.63
18	329.63
18.01	329.63
18.02	329.63
18.03	329.63
18.04	329.63
18.05	329.63
18.06	329.63
18.07	0
18.08	0
18.09	0
18.1	0
18.11	0
18.12	0
18.13	0
18.14	0
18.15	0
18.16	0
18.17	0
18.18	0
18.19	0
18.2	0
18.21	0
18.22	0
18.23	0
18.24	0
18.25	0
18.26	0
18.27	0
18.28	0
18.29	0
18.3	0
18.31	0
18.32	0
18.33	0
18.34	0
18.35	0
18.36	0
18.37	0
18.38	0
18.39	0
18.4	0
18.41	0
18.42	0
18.43	0
18.44	0
18.45	0
18.46	0
18.47	0
18.48	0
18.49	0
18.5	0
18.51	0
18.52	0
18.53	0
18.54	0
18.55	0
18.56	0
18.57	0
18.58	220
18.59	220
18.6	220
18.61	220
18.62	220
18.63	220
18.64	220
18.65	220
18.66	220
18.67	220
18.68	220
18.69	220
18.7	220
18.71	220
18.72	220
18.73	220
18.74	220
18.75	220
18.76	0
18.77	0
18.78	0
18.79	0
18.8	369.99
18.81	369.99
18.82	369.99
18.83	369.99
18.84	369.99
18.85	369.99
18.86	369.99
18.87	369.99
18.88	369.99
18.89	369.99
18.9	369.99
18.91	369.99
18.92	369.99
18.93	369.99
18.94	369.99
18.95	0
18.96	0
18.97	0
18.98	0
18.99	0
19	0
19.01	0
19.02	329.63
19.03	329.63
19.04	329.63
19.05	329.63
19.06	329.63
19.07	329.63
19.08	329.63
19.09	329.63
19.1	329.63
19.11	329.63
19.12	329.63
19.13	329.63
19.14	329.63
19.15	329.63
19.16	329.63
19.17	329.63
19.18	329.63
19.19	329.63
19.2	329.63
19.21	329.63
19.22	329.63
19.23	329.63
19.24	329.63
19.25	329.63
19.26	0
19.27	0
19.28	0
19.29	0
19.3	0
19.31	0
19.32	0
19.33	0
19.34	0
19.35	0
19.36	0
19.37	0
19.38	0
19.39	0
19.4	0
19.41	0
19.42	0
19.43	0
19.44	0
19.45	329.63
19.46	329.63
19.47	329.63
19.48	329.63
19.49	329.63
19.5	329.63
19.51	329.63
19.52	329.63
19.53	329.63
19.54	329.63
19.55	329.63
19.56	329.63
19.57	329.63
19.58	329.63
19.59	329.63
19.6	329.63
19.61	329.63
19.62	329.63
19.63	329.63
19.64	329.63
19.65	329.63
19.66	329.63
19.67	329.63
19.68	329.63
19.69	329.63
19.7	329.63
19.71	329.63
19.72	329.63
19.73	329.63
19.74	329.63
19.75	329.63
19.76	329.63
19.77	329.63
19.78	329.63
19.79	329.63
19.8	329.63
19.81	329.63
19.82	329.63
19.83	329.63
19.84	329.63
19.85	329.63
19.86	329.63
19.87	329.63
19.88	329.63
19.89	0
19.9	0
19.91	0
19.92	0
19.93	0
19.94	0
19.95	0
19.96	0
19.97	0
19.98	0
19.99	0
20	0
20.01	0
20.02	0
20.03	0
20.04	0
20.05	0
20.06	0
20.07	0
20.08	0
20.09	0
20.1	0
20.11	0
20.12	0
20.13	0
20.14	0
20.15	0
20.16	0
20.17	0
20.18	0
20.19	0
20.2	0
20.21	0
20.22	0
20.23	0
20.24	0
20.25	0
20.26	0
20.27	0
20.28	0
20.29	0
20.3	0
20.31	0
20.32	0
20.33	0
20.34	0
20.35	0
20.36	0
20.37	0
20.38	0
20.39	0
20.4	0
20.41	0
20.42	0
20.43	0
20.44	0
20.45	0
20.46	0
20.47	0
20.48	0
20.49	0
20.5	0
20.51	0
20.52	0
20.53	0
20.54	0
20.55	0
20.56	0
20.57	0
20.58	0
20.59	0
20.6	0
20.61	0
20.62	0
20.63	0
20.64	0
20.65	0
20.66	0
20.67	0
20.68	0
20.69	0
20.7	0
20.71	0
20.72	0
20.73	0
20.74	0
20.75	0
20.76	0
20.77	0
20.78	0
20.79	0
20.8	0
20.81	0
20.82	0
20.83	0
20.84	0
20.85	0
20.86	0
20.87	0
20.88	0
20.89	0
20.9	0
20.91	0
20.92	0
20.93	0
20.94	0
20.95	0
20.96	0
20.97	0
20.98	0
20.99	0
21	0
21.01	0
21.02	0
21.03	0
21.04	0
21.05	0
21.06	0
21.07	0
21.08	0
21.09	0
21.1	0
21.11	0
21.12	0
21.13	0
21.14	0
21.15	0
21.16	0
21.17	0
21.18	0
21.19	0
21.2	0
21.21	0
21.22	0
21.23	0
21.24	0
21.25	0
21.26	0
21.27	0
21.28	0
21.29	0
21.3	0
21.31	0
21.32	0
21.33	0
21.34	0
21.35	0
21.36	0
21.37	0
21.38	0
21.39	0
21.4	0
21.41	0
21.42	0
21.43	0
21.44	0
21.45	0
21.46	0
21.47	0
21.48	0
21.49	0
21.5	0
21.51	0
21.52	0
21.53	0
21.54	0
21.55	0
21.56	0
21.57	0
21.58	0
21.59	0
21.6	0
21.61	0
21.62	0
21.63	0
21.64	0
21.65	0
21.66	0
21.67	0
21.68	0
21.69	0
21.7	0
21.71	0
21.72	0
21.73	0
21.74	0
21.75	0
21.76	0
21.77	0
21.78	0
21.79	0
21.8	0
21.81	0
21.82	0
21.83	0
21.84	0
21.85	0
21.86	0
21.87	0
21.88	0
21.89	0
21.9	0
21.91	0
21.92	0
21.93	0
21.94	0
21.95	0
21.96	0
21.97	0
21.98	0
21.99	0
22	0
22.01	0
22.02	0
22.03	0
22.04	0
22.05	0
22.06	0
22.07	0
22.08	0
22.09	0
22.1	0
22.11	0
22.12	0
22.13	0
22.14	0
22.15	0
22.16	0
22.17	0
22.18	0
22.19	0
22.2	0
22.21	0
22.22	0
22.23	0
22.24	0
22.25	0
22.26	0
22.27	0
22.28	0
22.29	0
22.3	0
22.31	0
22.32	0
22.33	0
22.34	0
22.35	0
22.36	0
22.37	0
22.38	0
22.39	0
22.4	0
22.41	0
22.42	0
22.43	0
22.44	0
22.45	0
22.46	0
22.47	0
22.48	0
22.49	0
22.5	0
22.51	0
22.52	0
22.53	0
22.54	0
22.55	0
22.56	0
22.57	0
22.58	0
22.59	0
22.6	0
22.61	0
22.62	0
22.63	0
22.64	0
22.65	0
22.66	0
22.67	0
22.68	0
22.69	246.94
22.7	246.94
22.71	246.94
22.72	246.94
22.73	246.94
22.74	246.94
22.75	246.94
22.76	246.94
22.77	246.94
22.78	246.94
22.79	246.94
22.8	246.94
22.81	246.94
22.82	246.94
22.83	246.94
22.84	0
22.85	0
22.86	0
22.87	0
22.88	0
22.89	0
22.9	0
22.91	0
22.92	246.94
22.93	246.94
22.94	246.94
22.95	246.94
22.96	246.94
22.97	246.94
22.98	246.94
22.99	246.94
23	246.94
23.01	246.94
23.02	246.94
23.03	246.94
23.04	246.94
23.05	246.94
23.06	246.94
23.07	246.94
23.08	246.94
23.09	0
23.1	0
23.11	0
23.12	0
23.13	392
23.14	392
23.15	392
23.16	392
23.17	392
23.18	392
23.19	392
23.2	392
23.21	392
23.22	392
23.23	392
23.24	392
23.25	392
23.26	392
23.27	0
23.28	0
23.29	0
23.3	0
23.31	0
23.32	0
23.33	0
23.34	0
23.35	392
23.36	392
23.37	392
23.38	392
23.39	392
23.4	392
23.41	392
23.42	392
23.43	392
23.44	392
23.45	392
23.46	392
23.47	392
23.48	392
23.49	0
23.5	0
23.51	0
23.52	0
23.53	0
23.54	0
23.55	0
23.56	0
23.57	369.99
23.58	369.99
23.59	369.99
23.6	369.99
23.61	369.99
23.62	369.99
23.63	369.99
23.64	369.99
23.65	369.99
23.66	369.99
23.67	369.99
23.68	369.99
23.69	369.99
23.7	369.99
23.71	369.99
23.72	369.99
23.73	369.99
23.74	369.99
23.75	0
23.76	0
23.77	0
23.78	329.63
23.79	329.63
23.8	329.63
23.81	329.63
23.82	329.63
23.83	329.63
23.84	329.63
23.85	329.63
23.86	329.63
23.87	329.63
23.88	329.63
23.89	329.63
23.9	329.63
23.91	0
23.92	0
23.93	0
23.94	0
23.95	0
23.96	0
23.97	0
23.98	0
23.99	293.66
24	293.66
24.01	293.66
24.02	293.66
24.03	293.66
24.04	293.66
24.05	293.66
24.06	293.66
24.07	293.66
24.08	293.66
24.09	293.66
24.1	293.66
24.11	293.66
24.12	293.66
24.13	293.66
24.14	293.66
24.15	293.66
24.16	293.66
24.17	293.66
24.18	293.66
24.19	0
24.2	0
24.21	0
24.22	369.99
24.23	369.99
24.24	369.99
24.25	369.99
24.26	369.99
24.27	369.99
24.28	369.99
24.29	369.99
24.3	369.99
24.31	369.99
24.32	369.99
24.33	369.99
24.34	369.99
24.35	369.99
24.36	369.99
24.37	369.99
24.38	369.99
24.39	369.99
24.4	369.99
24.41	369.99
24.42	369.99
24.43	369.99
24.44	369.99
24.45	369.99
24.46	369.99
24.47	369.99
24.48	369.99
24.49	369.99
24.5	369.99
24.51	369.99
24.52	369.99
24.53	369.99
24.54	0
24.55	0
24.56	0
24.57	0
24.58	0
24.59	0
24.6	0
24.61	0
24.62	0
24.63	0
24.64	0
24.65	0
24.66	0
24.67	329.63
24.68	329.63
24.69	329.63
24.7	329.63
24.71	329.63
24.72	329.63
24.73	329.63
24.74	329.63
24.75	329.63
24.76	329.63
24.77	329.63
24.78	329.63
24.79	329.63
24.8	329.63
24.81	329.63
24.82	329.63
24.83	329.63
24.84	329.63
24.85	329.63
24.86	329.63
24.87	329.63
24.88	329.63
24.89	329.63
24.9	329.63
24.91	329.63
24.92	329.63
24.93	329.63
24.94	329.63
24.95	329.63
24.96	329.63
24.97	329.63
24.98	329.63
24.99	329.63
25	329.63
25.01	329.63
25.02	0
25.03	0
25.04	0
25.05	0
25.06	0
25.07	0
25.08	0
25.09	0
25.1	0
25.11	0
25.12	0
25.13	0
25.14	0
25.15	0
25.16	0
25.17	0
25.18	0
25.19	0
25.2	0
25.21	0
25.22	0
25.23	0
25.24	0
25.25	0
25.26	0
25.27	0
25.28	0
25.29	0
25.3	0
25.31	0
25.32	0
25.33	0
25.34	0
25.35	0
25.36	0
25.37	0
25.38	0
25.39	0
25.4	0
25.41	0
25.42	0
25.43	0
25.44	0
25.45	0
25.46	0
25.47	0
25.48	0
25.49	0
25.5	0
25.51	0
25.52	0
25.53	220
25.54	220
25.55	220
25.56	220
25.57	220
25.58	220
25.59	220
25.6	220
25.61	220
25.62	220
25.63	220
25.64	220
25.65	220
25.66	220
25.67	220
25.68	220
25.69	0
25.7	0
25.71	0
25.72	0
25.73	0
25.74	0
25.75	0
25.76	369.99
25.77	369.99
25.78	369.99
25.79	369.99
25.8	369.99
25.81	369.99
25.82	369.99
25.83	369.99
25.84	369.99
25.85	369.99
25.86	369.99
25.87	369.99
25.88	0
25.89	0
25.9	0
25.91	0
25.92	0
25.93	0
25.94	0
25.95	0
25.96	329.63
25.97	329.63
25.98	329.63
25.99	329.63
26	329.63
26.01	329.63
26.02	329.63
26.03	329.63
26.04	329.63
26.05	329.63
26.06	329.63
26.07	329.63
26.08	329.63
26.09	329.63
26.1	329.63
26.11	0
26.12	0
26.13	0
26.14	0
26.15	0
26.16	0
26.17	0
26.18	0
26.19	293.66
26.2	293.66
26.21	293.66
26.22	293.66
26.23	293.66
26.24	293.66
26.25	293.66
26.26	293.66
26.27	293.66
26.28	293.66
26.29	293.66
26.3	293.66
26.31	0
26.32	0
26.33	0
26.34	0
26.35	0
26.36	0
26.37	0
26.38	0
26.39	0
26.4	329.63
26.41	329.63
26.42	329.63
26.43	329.63
26.44	329.63
26.45	329.63
26.46	329.63
26.47	329.63
26.48	329.63
26.49	329.63
26.5	329.63
26.51	329.63
26.52	329.63
26.53	329.63
26.54	329.63
26.55	329.63
26.56	329.63
26.57	329.63
26.58	329.63
26.59	329.63
26.6	329.63
26.61	329.63
26.62	329.63
26.63	329.63
26.64	329.63
26.65	329.63
26.66	329.63
26.67	329.63
26.68	329.63
26.69	329.63
26.7	329.63
26.71	0
26.72	0
26.73	0
26.74	0
26.75	0
26.76	0
26.77	0
26.78	0
26.79	0
26.8	0
26.81	0
26.82	0
26.83	0
26.84	0
26.85	0
26.86	0
26.87	0
26.88	0
26.89	0
26.9	0
26.91	0
26.92	0
26.93	0
26.94	0
26.95	0
26.96	0
26.97	0
26.98	0
26.99	0
27	0
27.01	0
27.02	0
27.03	0
27.04	0
27.05	0
27.06	0
27.07	0
27.08	0
27.09	0
27.1	0
27.11	0
27.12	0
27.13	0
27.14	0
27.15	0
27.16	0
27.17	0
27.18	0
27.19	0
27.2	0
27.21	0
27.22	0
27.23	0
27.24	0
27.25	0
27.26	0
27.27	0
27.28	0
27.29	0
27.3	0
27.31	0
27.32	0
27.33	0
27.34	0
27.35	0
27.36	0
27.37	0
27.38	0
27.39	0
27.4	0
27.41	0
27.42	0
27.43	0
27.44	0
27.45	0
27.46	0
27.47	0
27.48	0
27.49	0
27.5	0
27.51	0
27.52	0
27.53	0
27.54	0
27.55	0
27.56	0
27.57	0
27.58	0
27.59	0
27.6	0
27.61	0
27.62	0
27.63	0
27.64	0
27.65	0
27.66	0
27.67	0
27.68	0
27.69	0
27.7	0
27.71	0
27.72	0
27.73	0
27.74	0
27.75	0
27.76	0
27.77	0
27.78	0
27.79	0
27.8	0
27.81	0
27.82	0
27.83	0
27.84	0
27.85	0
27.86	0
27.87	0
27.88	0
27.89	0
27.9	0
27.91	0
27.92	0
27.93	0
27.94	0
27.95	0
27.96	0
27.97	0
27.98	0
27.99	0
28	0
28.01	0
28.02	0
28.03	0
28.04	0
28.05	0
28.06	0
28.07	0
28.08	0
28.09	0
28.1	0
28.11	0
28.12	0
28.13	0
28.14	0
28.15	0
28.16	0
28.17	0
28.18	0
28.19	0
28.2	0
28.21	0
28.22	0
28.23	0
28.24	0
28.25	0
28.26	0
28.27	0
28.28	0
28.29	0
28.3	0
28.31	0
28.32	0
28.33	0
28.34	0
28.35	0
28.36	0
28.37	0
28.38	0
28.39	0
28.4	0
28.41	0
28.42	0
28.43	0
28.44	0
28.45	0
28.46	0
28.47	0
28.48	0
28.49	0
28.5	0
28.51	0
28.52	0
28.53	0
28.54	0
28.55	0
28.56	0
28.57	0
28.58	0
28.59	0
28.6	0
28.61	0
28.62	0
28.63	0
28.64	0
28.65	0
28.66	0
28.67	0
28.68	0
28.69	0
28.7	0
28.71	0
28.72	0
28.73	0
28.74	0
28.75	0
28.76	0
28.77	0
28.78	0
28.79	0
28.8	0
28.81	0
28.82	0
28.83	0
28.84	0
28.85	0
28.86	0
28.87	0
28.88	0
28.89	0
28.9	0
28.91	0
28.92	0
28.93	0
28.94	0
28.95	0
28.96	0
28.97	0
28.98	0
28.99	0
29	0
29.01	0
29.02	0
29.03	0
29.04	0
29.05	0
29.06	0
29.07	0
29.08	0
29.09	0
29.1	0
29.11	0
29.12	0
29.13	0
29.14	0
29.15	0
29.16	0
29.17	0
29.18	0
29.19	0
29.2	0
29.21	0
29.22	0
29.23	0
29.24	0
29.25	0
29.26	0
29.27	0
29.28	0
29.29	0
29.3	0
29.31	0
29.32	0
29.33	0
29.34	0
29.35	0
29.36	0
29.37	0
29.38	0
29.39	0
29.4	0
29.41	0
29.42	0
29.43	0
29.44	0
29.45	0
29.46	0
29.47	0
29.48	0
29.49	0
29.5	0
29.51	0
29.52	0
29.53	0
29.54	0
29.55	0
29.56	0
29.57	0
29.58	0
29.59	0
29.6	0
29.61	0
29.62	0
29.63	0
29.64	0
29.65	0
29.66	246.94
29.67	246.94
29.68	246.94
29.69	246.94
29.7	246.94
29.71	246.94
29.72	246.94
29.73	246.94
29.74	246.94
29.75	246.94
29.76	246.94
29.77	246.94
29.78	246.94
29.79	0
29.8	0
29.81	0
29.82	0
29.83	0
29.84	0
29.85	0
29.86	0
29.87	246.94
29.88	246.94
29.89	246.94
29.9	246.94
29.91	246.94
29.92	246.94
29.93	246.94
29.94	246.94
29.95	246.94
29.96	246.94
29.97	246.94
29.98	246.94
29.99	246.94
30	0
30.01	0
30.02	0
30.03	0
30.04	0
30.05	0
30.06	0
30.07	0
30.08	0
30.09	392
30.1	392
30.11	392
30.12	392
30.13	392
30.14	392
30.15	392
30.16	392
30.17	392
30.18	392
30.19	392
30.2	392
30.21	392
30.22	392
30.23	392
30.24	392
30.25	392
30.26	392
30.27	392
30.28	392
30.29	0
30.3	0
30.31	0
30.32	0
30.33	0
30.34	0
30.35	0
30.36	0
30.37	0
30.38	0
30.39	0
30.4	0
30.41	0
30.42	0
30.43	0
30.44	0
30.45	0
30.46	0
30.47	0
30.48	0
30.49	0
30.5	0
30.51	0
30.52	0
30.53	0
30.54	392
30.55	392
30.56	392
30.57	392
30.58	392
30.59	392
30.6	392
30.61	392
30.62	392
30.63	392
30.64	392
30.65	392
30.66	0
30.67	0
30.68	0
30.69	0
30.7	0
30.71	0
30.72	0
30.73	0
30.74	369.99
30.75	369.99
30.76	369.99
30.77	369.99
30.78	369.99
30.79	369.99
30.8	369.99
30.81	369.99
30.82	369.99
30.83	369.99
30.84	369.99
30.85	369.99
30.86	369.99
30.87	0
30.88	0
30.89	0
30.9	0
30.91	0
30.92	0
30.93	0
30.94	0
30.95	0
30.96	329.63
30.97	329.63
30.98	329.63
30.99	329.63
31	329.63
31.01	329.63
31.02	329.63
31.03	329.63
31.04	329.63
31.05	329.63
31.06	329.63
31.07	329.63
31.08	329.63
31.09	329.63
31.1	0
31.11	0
31.12	0
31.13	0
31.14	0
31.15	0
31.16	293.66
31.17	293.66
31.18	293.66
31.19	293.66
31.2	293.66
31.21	293.66
31.22	293.66
31.23	293.66
31.24	293.66
31.25	293.66
31.26	293.66
31.27	293.66
31.28	293.66
31.29	293.66
31.3	293.66
31.31	293.66
31.32	0
31.33	0
31.34	0
31.35	0
31.36	0
31.37	0
31.38	329.63
31.39	329.63
31.4	329.63
31.41	329.63
31.42	329.63
31.43	329.63
31.44	329.63
31.45	329.63
31.46	329.63
31.47	329.63
31.48	329.63
31.49	329.63
31.5	329.63
31.51	329.63
31.52	329.63
31.53	329.63
31.54	329.63
31.55	329.63
31.56	329.63
31.57	329.63
31.58	329.63
31.59	0
31.6	0
31.61	0
31.62	0
31.63	0
31.64	0
31.65	0
31.66	0
31.67	0
31.68	0
31.69	0
31.7	0
31.71	0
31.72	0
31.73	0
31.74	0
31.75	0
31.76	0
31.77	0
31.78	0
31.79	0
31.8	0
31.81	0
31.82	0
31.83	0
31.84	0
31.85	0
31.86	0
31.87	0
31.88	0
31.89	0
31.9	0
31.91	0
31.92	0
31.93	0
31.94	0
31.95	0
31.96	0
31.97	0
31.98	0
31.99	0
32	0
32.01	0
32.02	0
32.03	0
32.04	0
32.05	0
32.06	0
32.07	0
32.08	0
32.09	0
32.1	0
32.11	0
32.12	0
32.13	0
32.14	0
32.15	0
32.16	0
32.17	0
32.18	0
32.19	0
32.2	0
32.21	0
32.22	0
32.23	0
32.24	0
32.25	0
32.26	0
32.27	0
32.28	0
32.29	0
32.3	0
32.31	0
32.32	0
32.33	0
32.34	0
32.35	0
32.36	0
32.37	0
32.38	0
32.39	0
32.4	0
32.41	0
32.42	0
32.43	0
32.44	0
32.45	0
32.46	0
32.47	0
32.48	0
32.49	0
32.5	220
32.51	220
32.52	220
32.53	220
32.54	220
32.55	220
32.56	220
32.57	220
32.58	220
32.59	220
32.6	220
32.61	220
32.62	0
32.63	0
32.64	0
32.65	0
32.66	0
32.67	0
32.68	0
32.69	0
32.7	0
32.71	0
32.72	369.99
32.73	369.99
32.74	369.99
32.75	369.99
32.76	369.99
32.77	369.99
32.78	369.99
32.79	369.99
32.8	369.99
32.81	369.99
32.82	369.99
32.83	369.99
32.84	369.99
32.85	369.99
32.86	0
32.87	0
32.88	0
32.89	0
32.9	0
32.91	0
32.92	329.63
32.93	329.63
32.94	329.63
32.95	329.63
32.96	329.63
32.97	329.63
32.98	329.63
32.99	329.63
33	329.63
33.01	329.63
33.02	329.63
33.03	329.63
33.04	329.63
33.05	329.63
33.06	0
33.07	0
33.08	0
33.09	0
33.1	0
33.11	0
33.12	0
33.13	293.66
33.14	293.66
33.15	293.66
33.16	293.66
33.17	293.66
33.18	293.66
33.19	293.66
33.2	293.66
33.21	293.66
33.22	293.66
33.23	293.66
33.24	293.66
33.25	0
33.26	0
33.27	0
33.28	0
33.29	0
33.3	0
33.31	0
33.32	0
33.33	0
33.34	0
33.35	329.63
33.36	329.63
33.37	329.63
33.38	329.63
33.39	329.63
33.4	329.63
33.41	329.63
33.42	329.63
33.43	329.63
33.44	329.63
33.45	329.63
33.46	329.63
33.47	329.63
33.48	329.63
33.49	329.63
33.5	329.63
33.51	329.63
33.52	329.63
33.53	329.63
33.54	329.63
33.55	329.63
33.56	329.63
33.57	329.63
33.58	329.63
33.59	329.63
33.6	329.63
33.61	329.63
33.62	329.63
33.63	329.63
33.64	329.63
33.65	329.63
33.66	329.63
33.67	329.63
33.68	329.63
33.69	329.63
33.7	329.63
33.71	329.63
33.72	329.63
33.73	329.63
33.74	329.63
33.75	0
33.76	0
33.77	0
33.78	0
33.79	0
33.8	293.66
33.81	293.66
33.82	293.66
33.83	293.66
33.84	293.66
33.85	293.66
33.86	293.66
33.87	293.66
33.88	293.66
33.89	293.66
33.9	293.66
33.91	293.66
33.92	293.66
33.93	0
33.94	0
33.95	0
33.96	0
33.97	0
33.98	0
33.99	0
34	0
34.01	0
34.02	246.94
34.03	246.94
34.04	246.94
34.05	246.94
34.06	246.94
34.07	246.94
34.08	246.94
34.09	246.94
34.1	246.94
34.11	246.94
34.12	246.94
34.13	246.94
34.14	246.94
34.15	246.94
34.16	246.94
34.17	246.94
34.18	246.94
34.19	246.94
34.2	246.94
34.21	246.94
34.22	246.94
34.23	246.94
34.24	246.94
34.25	246.94
34.26	246.94
34.27	246.94
34.28	246.94
34.29	246.94
34.3	246.94
34.31	246.94
34.32	246.94
34.33	246.94
34.34	246.94
34.35	246.94
34.36	246.94
34.37	246.94
34.38	0
34.39	0
34.4	0
34.41	0
34.42	0
34.43	0
34.44	0
34.45	0
34.46	0
34.47	0
34.48	0
34.49	0
34.5	0
34.51	0
34.52	0
34.53	0
34.54	0
34.55	0
34.56	0
34.57	0
34.58	0
34.59	0
34.6	0
34.61	0
34.62	0
34.63	0
34.64	0
34.65	0
34.66	0
34.67	0
34.68	0
34.69	0
34.7	0
34.71	0
34.72	0
34.73	0
34.74	0
34.75	0
34.76	0
34.77	0
34.78	0
34.79	0
34.8	0
34.81	0
34.82	0
34.83	0
34.84	0
34.85	0
34.86	0
34.87	0
34.88	0
34.89	0
34.9	0
34.91	0
34.92	0
34.93	0
34.94	0
34.95	0
34.96	0
34.97	0
34.98	0
34.99	0
35	0
35.01	0
35.02	0
35.03	0
35.04	0
35.05	0
35.06	0
35.07	0
35.08	0
35.09	0
35.1	0
35.11	0
35.12	0
35.13	0
35.14	0
35.15	0
35.16	0
35.17	0
35.18	0
35.19	0
35.2	0
35.21	0
35.22	0
35.23	0
35.24	0
35.25	0
35.26	0
35.27	0
35.28	0
35.29	0
35.3	0
35.31	0
35.32	0
35.33	0
35.34	0
35.35	0
35.36	0
35.37	0
35.38	0
35.39	0
35.4	0
35.41	0
35.42	0
35.43	0
35.44	0
35.45	0
35.46	0
35.47	0
35.48	0
35.49	0
35.5	0
35.51	0
35.52	0
35.53	0
35.54	0
35.55	0
35.56	0
35.57	0
35.58	0
35.59	0
35.6	0
35.61	0
35.62	0
35.63	0
35.64	0
35.65	0
35.66	0
35.67	0
35.68	0
35.69	0
35.7	0
35.71	0
35.72	0
35.73	0
35.74	0
35.75	0
35.76	0
35.77	0
35.78	0
35.79	0
35.8	0
35.81	0
35.82	0
35.83	0
35.84	0
35.85	0
35.86	0
35.87	0
35.88	0
35.89	0
35.9	0
35.91	0
35.92	0
35.93	0
35.94	0
35.95	0
35.96	0
35.97	0
35.98	0
35.99	0
36	0
36.01	0
36.02	0
36.03	0
36.04	0
36.05	0
36.06	0
36.07	0
36.08	0
36.09	0
36.1	0
36.11	0
36.12	0
36.13	0
36.14	0
36.15	0
36.16	0
36.17	0
36.18	0
36.19	0
36.2	0
36.21	0
36.22	0
36.23	0
36.24	0
36.25	0
36.26	0
36.27	0
36.28	0
36.29	0
36.3	0
36.31	0
36.32	0
36.33	0
36.34	0
36.35	0
36.36	0
36.37	0
36.38	0
36.39	246.94
36.4	246.94
36.41	246.94
36.42	246.94
36.43	246.94
36.44	246.94
36.45	246.94
36.46	246.94
36.47	246.94
36.48	246.94
36.49	246.94
36.5	246.94
36.51	0
36.52	0
36.53	0
36.54	0
36.55	0
36.56	0
36.57	0
36.58	0
36.59	0
36.6	0
36.61	0
36.62	293.66
36.63	293.66
36.64	293.66
36.65	293.66
36.66	293.66
36.67	293.66
36.68	293.66
36.69	293.66
36.7	293.66
36.71	293.66
36.72	293.66
36.73	293.66
36.74	293.66
36.75	293.66
36.76	293.66
36.77	293.66
36.78	293.66
36.79	293.66
36.8	293.66
36.81	293.66
36.82	0
36.83	0
36.84	246.94
36.85	246.94
36.86	246.94
36.87	246.94
36.88	246.94
36.89	246.94
36.9	246.94
36.91	246.94
36.92	246.94
36.93	246.94
36.94	246.94
36.95	246.94
36.96	0
36.97	0
36.98	0
36.99	0
37	0
37.01	0
37.02	0
37.03	0
37.04	0
37.05	0
37.06	369.99
37.07	369.99
37.08	369.99
37.09	369.99
37.1	369.99
37.11	369.99
37.12	369.99
37.13	369.99
37.14	369.99
37.15	369.99
37.16	369.99
37.17	369.99
37.18	369.99
37.19	369.99
37.2	369.99
37.21	369.99
37.22	369.99
37.23	369.99
37.24	369.99
37.25	369.99
37.26	369.99
37.27	369.99
37.28	369.99
37.29	369.99
37.3	369.99
37.31	369.99
37.32	369.99
37.33	369.99
37.34	369.99
37.35	369.99
37.36	0
37.37	0
37.38	0
37.39	0
37.4	0
37.41	0
37.42	0
37.43	0
37.44	0
37.45	0
37.46	0
37.47	0
37.48	392
37.49	392
37.5	392
37.51	392
37.52	392
37.53	392
37.54	392
37.55	392
37.56	392
37.57	392
37.58	392
37.59	392
37.6	392
37.61	392
37.62	392
37.63	392
37.64	392
37.65	392
37.66	392
37.67	392
37.68	392
37.69	392
37.7	392
37.71	392
37.72	392
37.73	392
37.74	392
37.75	392
37.76	392
37.77	392
37.78	392
37.79	392
37.8	392
37.81	392
37.82	392
37.83	392
37.84	392
37.85	392
37.86	392
37.87	392
37.88	392
37.89	392
37.9	392
37.91	392
37.92	440
37.93	440
37.94	440
37.95	440
37.96	440
37.97	440
37.98	440
37.99	440
38	440
38.01	440
38.02	440
38.03	440
38.04	440
38.05	440
38.06	440
38.07	440
38.08	440
38.09	440
38.1	440
38.11	440
38.12	440
38.13	440
38.14	440
38.15	440
38.16	440
38.17	440
38.18	440
38.19	0
38.2	0
38.21	0
38.22	0
38.23	0
38.24	0
38.25	0
38.26	0
38.27	0
38.28	0
38.29	0
38.3	0
38.31	0
38.32	0
38.33	0
38.34	329.63
38.35	329.63
38.36	329.63
38.37	329.63
38.38	329.63
38.39	329.63
38.4	329.63
38.41	329.63
38.42	329.63
38.43	329.63
38.44	329.63
38.45	329.63
38.46	329.63
38.47	329.63
38.48	329.63
38.49	329.63
38.5	329.63
38.51	329.63
38.52	329.63
38.53	329.63
38.54	329.63
38.55	329.63
38.56	329.63
38.57	329.63
38.58	329.63
38.59	329.63
38.6	329.63
38.61	329.63
38.62	329.63
38.63	329.63
38.64	329.63
38.65	329.63
38.66	329.63
38.67	329.63
38.68	329.63
38.69	329.63
38.7	329.63
38.71	329.63
38.72	329.63
38.73	329.63
38.74	329.63
38.75	329.63
38.76	329.63
38.77	329.63
38.78	329.63
38.79	329.63
38.8	329.63
38.81	329.63
38.82	329.63
38.83	329.63
38.84	329.63
38.85	0
38.86	0
38.87	0
38.88	0
38.89	0
38.9	0
38.91	0
38.92	0
38.93	0
38.94	0
38.95	0
38.96	0
38.97	0
38.98	0
38.99	0
