0	0
0.01	0
0.02	0
0.03	0
0.04	0
0.05	227.02
0.06	231.96
0.07	230.42
0.08	231.11
0.09	230.77
0.1	230.74
0.11	228.43
0.12	228.36
0.13	229.35
0.14	229.97
0.15	233.69
0.16	241.92
0.17	248.94
0.18	254.46
0.19	260.07
0.2	264.32
0.21	268.7
0.22	270.51
0.23	271.95
0.24	271.87
0.25	272.23
0.26	269.35
0.27	273.16
0.28	272.31
0.29	274.79
0.3	272.92
0.31	273.58
0.32	273.74
0.33	274.32
0.34	274.54
0.35	274.15
0.36	276.94
0.37	277.16
0.38	274.96
0.39	274.55
0.4	273.94
0.41	273.95
0.42	274.13
0.43	273.77
0.44	274.42
0.45	273.79
0.46	273.16
0.47	273.47
0.48	274.18
0.49	273.53
0.5	273.76
0.51	273.97
0.52	274.08
0.53	274.42
0.54	273.31
0.55	273.98
0.56	274.27
0.57	274.01
0.58	274.68
0.59	271.11
0.6	255.62
0.61	237.96
0.62	0
0.63	0
0.64	0
0.65	0
0.66	0
0.67	0
0.68	271.62
0.69	277.54
0.7	283.1
0.71	284.22
0.72	281.4
0.73	275.38
0.74	273.52
0.75	274.84
0.76	275.66
0.77	274.8
0.78	270.77
0.79	0
0.8	0
0.81	0
0.82	0
0.83	0
0.84	0
0.85	0
0.86	0
0.87	0
0.88	0
0.89	0
0.9	0
0.91	0
0.92	0
0.93	0
0.94	0
0.95	0
0.96	0
0.97	0
0.98	0
0.99	0
1	0
1.01	0
1.02	0
1.03	289.85
1.04	290.42
1.05	292.86
1.06	289.75
1.07	287.74
1.08	281.38
1.09	275.93
1.1	272.51
1.11	271.79
1.12	270.68
1.13	273.96
1.14	277.4
1.15	280.54
1.16	283.88
1.17	286.3
1.18	285.64
1.19	282.72
1.2	277.56
1.21	274.74
1.22	270.88
1.23	272.59
1.24	272.6
1.25	276.45
1.26	280.94
1.27	286.38
1.28	288.49
1.29	290.59
1.3	287.33
1.31	282.12
1.32	279.07
1.33	277.07
1.34	274.77
1.35	273.45
1.36	273.07
1.37	273.01
1.38	272.86
1.39	272.37
1.4	274.31
1.41	275.74
1.42	277.87
1.43	279.15
1.44	280.9
1.45	279.08
1.46	277.57
1.47	274.1
1.48	273.75
1.49	273.48
1.5	277.05
1.51	283.03
1.52	290.04
1.53	294.51
1.54	298.82
1.55	300.96
1.56	297.94
1.57	0
1.58	0
1.59	0
1.6	0
1.61	0
1.62	0
1.63	0
1.64	0
1.65	0
1.66	0
1.67	0
1.68	0
1.69	0
1.7	0
1.71	0
1.72	0
1.73	0
1.74	0
1.75	0
1.76	0
1.77	0
1.78	0
1.79	0
1.8	0
1.81	0
1.82	0
1.83	0
1.84	0
1.85	0
1.86	0
1.87	0
1.88	0
1.89	0
1.9	0
1.91	0
1.92	0
1.93	0
1.94	0
1.95	0
1.96	0
1.97	0
1.98	0
1.99	0
2	0
2.01	0
2.02	0
2.03	223.18
2.04	213.52
2.05	202.25
2.06	203.31
2.07	204.41
2.08	204.05
2.09	201.42
2.1	198.94
2.11	196.33
2.12	195.71
2.13	197.27
2.14	201
2.15	204.9
2.16	208.69
2.17	212.69
2.18	214.98
2.19	215.09
2.2	210.9
2.21	203.37
2.22	198.5
2.23	195.79
2.24	199.65
2.25	203.76
2.26	209.5
2.27	214.31
2.28	216.09
2.29	216.76
2.3	215.17
2.31	211.11
2.32	206.42
2.33	204.4
2.34	201.9
2.35	204.76
2.36	209.74
2.37	210.62
2.38	216.16
2.39	222.1
2.4	225.32
2.41	230.53
2.42	233.39
2.43	235.07
2.44	232.21
2.45	228.89
2.46	228.71
2.47	229.27
2.48	233.8
2.49	238.94
2.5	243.88
2.51	251.74
2.52	255.36
2.53	259.25
2.54	263.19
2.55	263.74
2.56	265.31
2.57	264.09
2.58	263.8
2.59	263.52
2.6	262.8
2.61	264.79
2.62	266.42
2.63	266.71
2.64	268.51
2.65	269.06
2.66	270.01
2.67	268.74
2.68	268.52
2.69	269.07
2.7	267.42
2.71	266.78
2.72	267.68
2.73	266.83
2.74	266.05
2.75	265.18
2.76	264.98
2.77	265.17
2.78	265.59
2.79	265.21
2.8	265.25
2.81	264.89
2.82	264.24
2.83	264.09
2.84	263.17
2.85	264.31
2.86	263.09
2.87	263.65
2.88	263.61
2.89	263.63
2.9	264.19
2.91	264.39
2.92	263.97
2.93	263.91
2.94	264.46
2.95	264.51
2.96	264.87
2.97	264.77
2.98	264.12
2.99	264.09
3	259.98
3.01	244.51
3.02	249.45
3.03	255.85
3.04	255.37
3.05	252.39
3.06	250.97
3.07	251.52
3.08	252.31
3.09	256.25
3.1	259.2
3.11	265.32
3.12	269.03
3.13	275.08
3.14	275.87
3.15	284.13
3.16	285.96
3.17	286.49
3.18	285.63
3.19	278.18
3.2	278.53
3.21	278.45
3.22	277.54
3.23	278.75
3.24	279.58
3.25	281.76
3.26	282.46
3.27	282.03
3.28	282.47
3.29	283.38
3.3	283.13
3.31	281.95
3.32	280.99
3.33	279.52
3.34	277.99
3.35	276.62
3.36	274.94
3.37	273.64
3.38	275.08
3.39	276.79
3.4	276.27
3.41	276.55
3.42	275.45
3.43	274.48
3.44	273.09
3.45	269.14
3.46	268.05
3.47	268.24
3.48	268.51
3.49	271.87
3.5	275.34
3.51	279.61
3.52	284.39
3.53	286.56
3.54	286.06
3.55	285.33
3.56	283.1
3.57	278.43
3.58	274.83
3.59	272.64
3.6	269.93
3.61	269.49
3.62	271.5
3.63	275.46
3.64	278.69
3.65	282.78
3.66	287.78
3.67	294.41
3.68	294.73
3.69	293.77
3.7	288.2
3.71	284.97
3.72	280.86
3.73	277.49
3.74	274.1
3.75	273.46
3.76	273.59
3.77	274.77
3.78	277.65
3.79	282.59
3.8	286.09
3.81	286.72
3.82	287.5
3.83	284.44
3.84	281.74
3.85	279.97
3.86	277.17
3.87	275.46
3.88	273.41
3.89	273.09
3.9	273.91
3.91	275.48
3.92	276.13
3.93	276.8
3.94	277.6
3.95	275.88
3.96	274.79
3.97	272.54
3.98	268.13
3.99	264.3
4	253.73
4.01	238.81
4.02	237.63
4.03	233
4.04	234
4.05	235.1
4.06	233.43
4.07	241.14
4.08	235.74
4.09	245.62
4.1	0
4.11	0
4.12	0
4.13	0
4.14	0
4.15	0
4.16	0
4.17	0
4.18	0
4.19	0
4.2	0
4.21	0
4.22	0
4.23	0
4.24	0
4.25	0
4.26	0
4.27	0
4.28	0
4.29	0
4.3	0
4.31	0
4.32	0
4.33	0
4.34	0
4.35	0
4.36	0
4.37	0
4.38	0
4.39	0
4.4	0
4.41	0
4.42	0
4.43	0
4.44	0
4.45	0
4.46	0
4.47	0
4.48	0
4.49	0
4.5	0
4.51	0
4.52	0
4.53	0
4.54	0
4.55	0
4.56	0
4.57	0
4.58	0
4.59	0
4.6	0
4.61	0
4.62	0
4.63	0
4.64	0
4.65	0
4.66	0
4.67	0
4.68	0
4.69	0
4.7	0
4.71	0
4.72	0
4.73	0
4.74	0
4.75	0
4.76	0
4.77	0
4.78	0
4.79	0
4.8	0
4.81	0
4.82	0
4.83	0
4.84	0
4.85	0
4.86	0
4.87	0
4.88	0
4.89	0
4.9	0
4.91	0
4.92	0
4.93	0
4.94	0
4.95	0
4.96	0
4.97	0
4.98	0
4.99	0
5	0
5.01	0
5.02	0
5.03	0
5.04	0
5.05	0
5.06	0
5.07	0
5.08	0
5.09	0
5.1	0
5.11	0
5.12	0
5.13	0
5.14	0
5.15	0
5.16	0
5.17	0
5.18	0
5.19	0
5.2	0
5.21	0
5.22	0
5.23	0
5.24	0
5.25	0
5.26	0
5.27	0
5.28	0
5.29	0
5.3	0
5.31	0
5.32	0
5.33	0
5.34	0
5.35	0
5.36	0
5.37	0
5.38	0
5.39	0
5.4	0
5.41	0
5.42	0
5.43	0
5.44	0
5.45	0
5.46	0
5.47	0
5.48	0
5.49	0
5.5	0
5.51	0
5.52	0
5.53	0
5.54	0
5.55	0
5.56	0
5.57	0
5.58	0
5.59	0
5.6	0
5.61	0
5.62	0
5.63	0
5.64	0
5.65	0
5.66	242.25
5.67	242.25
5.68	246.77
5.69	251.36
5.7	250.86
5.71	248.97
5.72	246.2
5.73	244.68
5.74	246.68
5.75	250.39
5.76	256.98
5.77	262.98
5.78	270
5.79	276.96
5.8	281.96
5.81	285.07
5.82	287.05
5.83	286.11
5.84	284.76
5.85	281.39
5.86	278.39
5.87	278.11
5.88	277.88
5.89	278.47
5.9	279.46
5.91	279.99
5.92	280.94
5.93	279.31
5.94	278.87
5.95	278.07
5.96	277.01
5.97	275.74
5.98	276.52
5.99	276.98
6	277.79
6.01	278.44
6.02	279.06
6.03	278.87
6.04	278.43
6.05	278.63
6.06	278.67
6.07	279.44
6.08	280.31
6.09	281.79
6.1	273.51
6.11	254.84
6.12	0
6.13	0
6.14	0
6.15	0
6.16	0
6.17	0
6.18	0
6.19	0
6.2	0
6.21	0
6.22	0
6.23	0
6.24	0
6.25	0
6.26	0
6.27	0
6.28	0
6.29	0
6.3	0
6.31	0
6.32	0
6.33	0
6.34	270.43
6.35	273.24
6.36	280.13
6.37	285.38
6.38	287.45
6.39	287.24
6.4	285.77
6.41	282.26
6.42	275.52
6.43	270.08
6.44	268.31
6.45	271.4
6.46	276.44
6.47	282.93
6.48	286.95
6.49	285.88
6.5	285.55
6.51	289.03
6.52	287.61
6.53	281.69
6.54	281.69
6.55	0
6.56	0
6.57	0
6.58	0
6.59	0
6.6	0
6.61	0
6.62	0
6.63	0
6.64	0
6.65	0
6.66	280.21
6.67	282.46
6.68	278.06
6.69	279.18
6.7	284.75
6.71	275.95
6.72	281.42
6.73	284.92
6.74	286.4
6.75	284.53
6.76	280.77
6.77	277.06
6.78	274.66
6.79	274.54
6.8	275.42
6.81	275.98
6.82	278.4
6.83	281.3
6.84	284.74
6.85	289.42
6.86	291.82
6.87	292.62
6.88	289.02
6.89	286.49
6.9	280.19
6.91	275.91
6.92	272.58
6.93	270.2
6.94	270.31
6.95	273.34
6.96	276.45
6.97	284.65
6.98	288.33
6.99	293.31
7	295.35
7.01	294.4
7.02	292.42
7.03	286.77
7.04	280.31
7.05	274.31
7.06	270.79
7.07	269.83
7.08	275.61
7.09	283.59
7.1	290.21
7.11	298.68
7.12	303.1
7.13	301.8
7.14	294.33
7.15	287.83
7.16	286.61
7.17	281.08
7.18	275.66
7.19	270.15
7.2	265.84
7.21	265.88
7.22	0
7.23	0
7.24	0
7.25	0
7.26	0
7.27	0
7.28	0
7.29	0
7.3	0
7.31	0
7.32	0
7.33	0
7.34	0
7.35	0
7.36	0
7.37	0
7.38	0
7.39	0
7.4	0
7.41	0
7.42	0
7.43	0
7.44	0
7.45	0
7.46	0
7.47	0
7.48	0
7.49	0
7.5	0
7.51	0
7.52	0
7.53	0
7.54	0
7.55	0
7.56	0
7.57	0
7.58	0
7.59	0
7.6	0
7.61	0
7.62	0
7.63	0
7.64	0
7.65	0
7.66	0
7.67	0
7.68	0
7.69	216.7
7.7	228.94
7.71	234.22
7.72	239.83
7.73	243.66
7.74	242.5
7.75	240.11
7.76	234.71
7.77	230.08
7.78	228.96
7.79	230.42
7.8	234.62
7.81	239.9
7.82	245.78
7.83	254.42
7.84	259.78
7.85	265.83
7.86	269.26
7.87	270.93
7.88	268.96
7.89	268.46
7.9	265.33
7.91	265.17
7.92	265.89
7.93	265.78
7.94	264.57
7.95	265.79
7.96	267.15
7.97	266.31
7.98	267.83
7.99	264.44
8	256.81
8.01	254.64
8.02	256.65
8.03	250.01
8.04	0
8.05	0
8.06	0
8.07	0
8.08	0
8.09	0
8.1	0
8.11	0
8.12	0
8.13	0
8.14	0
8.15	0
8.16	0
8.17	0
8.18	0
8.19	263.55
8.2	269.21
8.21	273.87
8.22	275.55
8.23	269.72
8.24	264.77
8.25	260.04
8.26	260.32
8.27	257.94
8.28	257.27
8.29	257.74
8.3	258.35
8.31	258.03
8.32	258.71
8.33	259.4
8.34	261.05
8.35	260.32
8.36	259.38
8.37	259.18
8.38	257.77
8.39	258.34
8.4	258.85
8.41	259.15
8.42	259.84
8.43	261.46
8.44	261.99
8.45	263.13
8.46	264.18
8.47	264.94
8.48	265.45
8.49	266.44
8.5	267.2
8.51	266.47
8.52	264.79
8.53	264.79
8.54	270.58
8.55	274.49
8.56	275.8
8.57	276.48
8.58	275.53
8.59	272.68
8.6	269.34
8.61	268.9
8.62	269.96
8.63	274.76
8.64	278.53
8.65	285.73
8.66	293.1
8.67	301.78
8.68	309.51
8.69	316.09
8.7	320.68
8.71	320.65
8.72	317.85
8.73	312.58
8.74	308.92
8.75	308.05
8.76	308.54
8.77	311.26
8.78	314.38
8.79	316.5
8.8	315.99
8.81	316.51
8.82	298.28
8.83	264.03
8.84	257.25
8.85	252.67
8.86	258.61
8.87	268.22
8.88	276.75
8.89	279.55
8.9	283.37
8.91	283.5
8.92	283.71
8.93	276.84
8.94	274.06
8.95	267.24
8.96	261.6
8.97	257.9
8.98	256.04
8.99	251.41
9	251.1
9.01	252.87
9.02	258.27
9.03	261.87
9.04	267.32
9.05	271.94
9.06	274.8
9.07	275.97
9.08	276.72
9.09	275.42
9.1	273.72
9.11	267.88
9.12	266.34
9.13	266.03
9.14	265.82
9.15	266.78
9.16	268.45
9.17	273.82
9.18	278.35
9.19	283.46
9.2	285.45
9.21	287.93
9.22	288.27
9.23	286.29
9.24	284.82
9.25	280.82
9.26	275.77
9.27	272.57
9.28	268.66
9.29	267.57
9.3	266.73
9.31	270.82
9.32	273.26
9.33	276.98
9.34	283.39
9.35	285.88
9.36	289.39
9.37	289.97
9.38	288.23
9.39	284.98
9.4	281.03
9.41	277.62
9.42	272.51
9.43	269.9
9.44	269.2
9.45	270.55
9.46	271.97
9.47	275.09
9.48	280
9.49	283.92
9.5	286.56
9.51	286.62
9.52	286.25
9.53	284.29
9.54	279.82
9.55	275.26
9.56	271.57
9.57	268.26
9.58	268.27
9.59	270.86
9.6	275.68
9.61	280.29
9.62	283
9.63	285.58
9.64	288.07
9.65	285.77
9.66	283.73
9.67	279.15
9.68	277.11
9.69	276.79
9.7	277.28
9.71	276.81
9.72	279.54
9.73	281.84
9.74	0
9.75	0
9.76	0
9.77	0
9.78	0
9.79	0
9.8	0
9.81	0
9.82	0
9.83	0
9.84	0
9.85	0
9.86	0
9.87	0
9.88	0
9.89	0
9.9	0
9.91	0
9.92	0
9.93	0
9.94	0
9.95	0
9.96	0
9.97	0
9.98	0
9.99	0
10	0
10.01	0
10.02	0
10.03	0
10.04	0
10.05	0
10.06	0
10.07	0
10.08	0
10.09	0
10.1	0
10.11	0
10.12	0
10.13	0
10.14	0
10.15	0
10.16	0
10.17	0
10.18	0
10.19	0
10.2	0
10.21	0
10.22	0
10.23	0
10.24	0
10.25	0
10.26	0
10.27	0
10.28	0
10.29	0
10.3	0
10.31	0
10.32	0
10.33	0
10.34	0
10.35	0
10.36	0
10.37	0
10.38	0
10.39	0
10.4	0
10.41	0
10.42	0
10.43	0
10.44	0
10.45	0
10.46	0
10.47	0
10.48	0
10.49	0
10.5	0
10.51	0
10.52	0
10.53	0
10.54	0
10.55	0
10.56	0
10.57	0
10.58	0
10.59	0
10.6	0
10.61	0
10.62	0
10.63	0
10.64	0
10.65	0
10.66	0
10.67	0
10.68	0
10.69	259.15
10.7	254.12
10.71	260.21
10.72	264.81
10.73	267.05
10.74	264.1
10.75	257.54
10.76	264.79
10.77	270.42
10.78	274.29
10.79	278.87
10.8	284.51
10.81	286.8
10.82	0
10.83	0
10.84	0
10.85	0
10.86	0
10.87	0
10.88	0
10.89	0
10.9	0
10.91	0
10.92	0
10.93	0
10.94	0
10.95	0
10.96	0
10.97	0
10.98	256.24
10.99	256.38
11	278.64
11.01	292.97
11.02	293.62
11.03	291.83
11.04	287.07
11.05	283.31
11.06	278.64
11.07	277.09
11.08	276.61
11.09	276.1
11.1	275.73
11.11	275.41
11.12	275.3
11.13	273.84
11.14	272.85
11.15	272.78
11.16	273.14
11.17	273.34
11.18	273.36
11.19	274.04
11.2	274.66
11.21	274.78
11.22	273.69
11.23	273.95
11.24	275.46
11.25	276.4
11.26	277.51
11.27	277.98
11.28	278.92
11.29	279.91
11.3	279.54
11.31	280.66
11.32	279.92
11.33	281.17
11.34	281.49
11.35	279.38
11.36	279.49
11.37	277.44
11.38	277.14
11.39	276.83
11.4	277.25
11.41	276.93
11.42	277.49
11.43	277.09
11.44	277.84
11.45	277.37
11.46	278.06
11.47	278.54
11.48	279.23
11.49	282.7
11.5	283.99
11.51	285.05
11.52	284.3
11.53	280.41
11.54	281.69
11.55	281.69
11.56	278.87
11.57	276.95
11.58	275.54
11.59	284.33
11.6	278.92
11.61	276.65
11.62	277.96
11.63	279.24
11.64	278.93
11.65	281
11.66	280.6
11.67	281.93
11.68	287.58
11.69	294.1
11.7	291.34
11.71	292.5
11.72	291.97
11.73	289.6
11.74	285.1
11.75	283.12
11.76	283.7
11.77	287.57
11.78	284.51
11.79	286.3
11.8	0
11.81	0
11.82	0
11.83	0
11.84	0
11.85	0
11.86	0
11.87	0
11.88	0
11.89	0
11.9	0
11.91	0
11.92	0
11.93	0
11.94	0
11.95	0
11.96	0
11.97	0
11.98	0
11.99	264.45
12	273.45
12.01	278.28
12.02	281.99
12.03	282.97
12.04	282.1
12.05	277.65
12.06	273.87
12.07	268.57
12.08	266.02
12.09	266.82
12.1	268.2
12.11	271.79
12.12	274.79
12.13	277.7
12.14	281.05
12.15	283.61
12.16	283.92
12.17	283.78
12.18	281.26
12.19	277.71
12.2	274.44
12.21	271.76
12.22	270.79
12.23	269.74
12.24	269.5
12.25	267.94
12.26	265.65
12.27	252.34
12.28	255.93
12.29	258.72
12.3	264.97
12.31	278.89
12.32	286.61
12.33	287.36
12.34	283.81
12.35	279.35
12.36	277.18
12.37	275.26
12.38	274.41
12.39	273.94
12.4	273.81
12.41	274.55
12.42	275.29
12.43	277.12
12.44	276.81
12.45	278.14
12.46	278.83
12.47	277.26
12.48	277.2
12.49	275.55
12.5	275.32
12.51	274.84
12.52	274.37
12.53	274.45
12.54	273
12.55	273.49
12.56	274.06
12.57	274.21
12.58	274.82
12.59	274.43
12.6	272.82
12.61	270.25
12.62	273.06
12.63	273.67
12.64	272.28
12.65	273.58
12.66	274.81
12.67	278.23
12.68	279.39
12.69	279.79
12.7	278.64
12.71	277.28
12.72	276.06
12.73	274.62
12.74	274.88
12.75	275.04
12.76	275.7
12.77	276.1
12.78	276.78
12.79	277.17
12.8	277.25
12.81	276.81
12.82	276.58
12.83	276.07
12.84	276.12
12.85	275.88
12.86	275.81
12.87	275.16
12.88	275.7
12.89	275.51
12.9	275.63
12.91	275.43
12.92	275.96
12.93	276.26
12.94	276.31
12.95	276.18
12.96	276.53
12.97	276.46
12.98	276.64
12.99	277.54
13	278.59
13.01	283.92
13.02	282.28
13.03	284.64
13.04	284.17
13.05	284.02
13.06	283.16
13.07	282.42
13.08	282.29
13.09	281.35
13.1	281.22
13.11	283.62
13.12	286.65
13.13	291
13.14	295.9
13.15	301.68
13.16	306.55
13.17	309.42
13.18	311.08
13.19	312.08
13.2	310.66
13.21	310.14
13.22	309.68
13.23	309.72
13.24	310.44
13.25	311.76
13.26	314.46
13.27	317.51
13.28	318.9
13.29	320.31
13.3	320.82
13.31	320.3
13.32	318.8
13.33	318.45
13.34	319.87
13.35	321.92
13.36	327.99
13.37	333.7
13.38	338.64
13.39	342.14
13.4	339.63
13.41	333.55
13.42	323.12
13.43	316.62
13.44	312.48
13.45	314.68
13.46	317.39
13.47	317.98
13.48	311.44
13.49	299.79
13.5	284.14
13.51	273.84
13.52	271.94
13.53	269.9
13.54	269.41
13.55	269.9
13.56	273.22
13.57	274.52
13.58	276.71
13.59	277.08
13.6	276.09
13.61	0
13.62	0
13.63	0
13.64	0
13.65	326.76
13.66	329.58
13.67	332.39
13.68	335.21
13.69	331.69
13.7	332.02
13.71	328.58
13.72	320.75
13.73	316.25
13.74	315.86
13.75	319.25
13.76	324.7
13.77	334.79
13.78	343.86
13.79	349.33
13.8	351.11
13.81	352.58
13.82	350.72
13.83	348.02
13.84	347.15
13.85	346.97
13.86	348.12
13.87	350.05
13.88	348.57
13.89	336.6
13.9	0
13.91	0
13.92	0
13.93	0
13.94	0
13.95	0
13.96	0
13.97	0
13.98	0
13.99	0
14	0
14.01	359.85
14.02	366.45
14.03	365.47
14.04	363.13
14.05	358.73
14.06	353.28
14.07	351.48
14.08	348.11
14.09	346.07
14.1	345.88
14.11	345.35
14.12	346.92
14.13	347.25
14.14	350.83
14.15	356.49
14.16	362.19
14.17	364.57
14.18	366
14.19	363.79
14.2	359.89
14.21	356.17
14.22	351.23
14.23	348.51
14.24	346.04
14.25	345.65
14.26	346.37
14.27	348.04
14.28	351.61
14.29	355.39
14.3	359.84
14.31	362.98
14.32	363.35
14.33	362.42
14.34	360.52
14.35	358.28
14.36	353.72
14.37	351.13
14.38	349.11
14.39	347.86
14.4	347.98
14.41	348.26
14.42	349.73
14.43	352.23
14.44	354.87
14.45	354.27
14.46	352.1
14.47	349.94
14.48	346.5
14.49	344.92
14.5	335.96
14.51	325.23
14.52	320.89
14.53	318.77
14.54	319.17
14.55	317.9
14.56	318.81
14.57	318.57
14.58	320.81
14.59	318.37
14.6	322.05
14.61	326.12
14.62	316.09
14.63	0
14.64	0
14.65	0
14.66	0
14.67	0
14.68	0
14.69	0
14.7	0
14.71	0
14.72	0
14.73	0
14.74	0
14.75	0
14.76	0
14.77	0
14.78	0
14.79	0
14.8	0
14.81	0
14.82	0
14.83	0
14.84	0
14.85	0
14.86	0
14.87	0
14.88	0
14.89	0
14.9	0
14.91	0
14.92	0
14.93	0
14.94	0
14.95	0
14.96	0
14.97	0
14.98	0
14.99	0
15	0
15.01	0
15.02	0
15.03	0
15.04	0
15.05	0
15.06	0
15.07	0
15.08	0
15.09	0
15.1	0
15.11	0
15.12	0
15.13	0
15.14	0
15.15	0
15.16	0
15.17	0
15.18	0
15.19	0
15.2	0
15.21	0
15.22	0
15.23	0
15.24	0
15.25	0
15.26	0
15.27	0
15.28	0
15.29	0
15.3	0
15.31	0
15.32	0
15.33	0
15.34	0
15.35	0
15.36	0
15.37	0
15.38	0
15.39	0
15.4	0
15.41	0
15.42	0
15.43	0
15.44	0
15.45	0
15.46	0
15.47	0
15.48	0
15.49	0
15.5	0
15.51	0
15.52	0
15.53	0
15.54	0
15.55	0
15.56	0
15.57	0
15.58	0
15.59	0
15.6	0
15.61	0
15.62	0
15.63	0
15.64	0
15.65	0
15.66	0
15.67	0
15.68	276.06
15.69	276.06
15.7	273.24
15.71	271.39
15.72	272.93
15.73	270.32
15.74	267.42
15.75	266.27
15.76	266.13
15.77	266.51
15.78	272.42
15.79	274.43
15.8	277.77
15.81	285.56
15.82	294.71
15.83	302.38
15.84	307.48
15.85	311.69
15.86	314.07
15.87	313.5
15.88	311.44
15.89	307.67
15.9	305.01
15.91	300.22
15.92	297.93
15.93	297.09
15.94	298.25
15.95	299.78
15.96	303.56
15.97	306.69
15.98	311.37
15.99	316.12
16	318.86
16.01	320.6
16.02	319.74
16.03	317.04
16.04	311.97
16.05	308.65
16.06	306.65
16.07	303.81
16.08	301.45
16.09	303.7
16.1	306.01
16.11	307.88
16.12	311.48
16.13	315.04
16.14	318.44
16.15	319.16
16.16	318.8
16.17	315.23
16.18	310.98
16.19	308.1
16.2	306.52
16.21	304.61
16.22	302.99
16.23	303.56
16.24	304.97
16.25	307.79
16.26	310.97
16.27	315.9
16.28	317.8
16.29	318.9
16.3	318.47
16.31	314.91
16.32	310.8
16.33	307.97
16.34	306.09
16.35	304.65
16.36	304.2
16.37	305.32
16.38	308.75
16.39	313.72
16.4	318.61
16.41	320.2
16.42	321.56
16.43	320.03
16.44	316.27
16.45	309.31
16.46	296.6
16.47	284.41
16.48	275.33
16.49	271.82
16.5	267.44
16.51	270.91
16.52	273.81
16.53	274.04
16.54	278.35
16.55	280.72
16.56	281.72
16.57	280.5
16.58	272.42
16.59	259.81
16.6	240.59
16.61	0
16.62	0
16.63	0
16.64	0
16.65	0
16.66	0
16.67	0
16.68	0
16.69	0
16.7	294.27
16.71	298.75
16.72	317.85
16.73	321.86
16.74	323.25
16.75	327.56
16.76	323.27
16.77	322.01
16.78	320.79
16.79	320.38
16.8	324.3
16.81	329.29
16.82	335.84
16.83	344.54
16.84	350.18
16.85	357.35
16.86	360.87
16.87	359.42
16.88	354.56
16.89	350.2
16.9	347.84
16.91	346.73
16.92	347.23
16.93	350.04
16.94	354.28
16.95	357.22
16.96	357.03
16.97	358.7
16.98	354.93
16.99	357.75
17	357.75
17.01	0
17.02	0
17.03	0
17.04	0
17.05	0
17.06	0
17.07	0
17.08	0
17.09	0
17.1	0
17.11	0
17.12	0
17.13	0
17.14	0
17.15	0
17.16	0
17.17	0
17.18	0
17.19	0
17.2	0
17.21	0
17.22	0
17.23	0
17.24	0
17.25	0
17.26	0
17.27	0
17.28	0
17.29	0
17.3	0
17.31	0
17.32	0
17.33	0
17.34	198.5
17.35	196.02
17.36	197.84
17.37	199.76
17.38	201.07
17.39	201.51
17.4	202.81
17.41	201.99
17.42	200.6
17.43	199.7
17.44	197.81
17.45	199.93
17.46	203.28
17.47	206.36
17.48	210.76
17.49	214.62
17.5	216.36
17.51	217.43
17.52	218.24
17.53	215.54
17.54	215.53
17.55	212.25
17.56	209.45
17.57	206.05
17.58	205.44
17.59	204.81
17.6	204.92
17.61	205.97
17.62	205.65
17.63	208.06
17.64	211.41
17.65	213.8
17.66	214.38
17.67	215.05
17.68	213.63
17.69	211.56
17.7	208.72
17.71	206.89
17.72	205.08
17.73	203.57
17.74	204.68
17.75	203.69
17.76	205.18
17.77	208.79
17.78	210.65
17.79	211.09
17.8	212.49
17.81	211.67
17.82	211.81
17.83	210.58
17.84	209.75
17.85	207.01
17.86	206.5
17.87	205.98
17.88	206.55
17.89	206.49
17.9	209.54
17.91	209.71
17.92	208.18
17.93	206.74
17.94	202.54
17.95	198.52
17.96	194.31
17.97	185.03
17.98	180.96
17.99	185.16
18	182.68
18.01	186.89
18.02	194.37
18.03	201.75
18.04	207.22
18.05	208.75
18.06	209.37
18.07	209.12
18.08	209.39
18.09	209.54
18.1	210.29
18.11	211.49
18.12	214.17
18.13	216.11
18.14	221.39
18.15	224.83
18.16	229.06
18.17	233.68
18.18	235.6
18.19	238.74
18.2	237.06
18.21	238.91
18.22	234.16
18.23	230.97
18.24	227.36
18.25	225.18
18.26	224.3
18.27	223.42
18.28	224.84
18.29	227.67
18.3	228.29
18.31	231.99
18.32	237.88
18.33	238.44
18.34	240.44
18.35	242.07
18.36	239.79
18.37	237.97
18.38	236.82
18.39	235.16
18.4	229.16
18.41	225.62
18.42	226.08
18.43	227.09
18.44	227.56
18.45	228.27
18.46	229.27
18.47	233.9
18.48	237.68
18.49	237.95
18.5	240.75
18.51	242.71
18.52	239.17
18.53	237.44
18.54	237.24
18.55	234.98
18.56	231.19
18.57	229.82
18.58	228.26
18.59	228.05
18.6	229.07
18.61	229.68
18.62	230.29
18.63	233.38
18.64	237.66
18.65	239.3
18.66	240.03
18.67	242.17
18.68	240.18
18.69	236.38
18.7	235.29
18.71	233.78
18.72	228.78
18.73	224.38
18.74	224.58
18.75	222.57
18.76	223.53
18.77	224.61
18.78	226.84
18.79	228.71
18.8	230.49
18.81	233.6
18.82	234.82
18.83	237.48
18.84	236.94
18.85	237.92
18.86	236.96
18.87	235.58
18.88	234.51
18.89	234.31
18.9	233.84
18.91	231.78
18.92	230.16
18.93	230.83
18.94	231.52
18.95	232.88
18.96	233.92
18.97	236.2
18.98	239.33
18.99	242.07
19	241.54
19.01	242.99
19.02	240.9
19.03	239.36
19.04	237.23
19.05	234.58
19.06	228.87
19.07	227.23
19.08	224.34
19.09	224
19.1	225.08
19.11	225.25
19.12	225.96
19.13	229.76
19.14	231.77
19.15	234.37
19.16	236.23
19.17	237.04
19.18	237.45
19.19	235.48
19.2	235.08
19.21	234.04
19.22	233.56
19.23	232.14
19.24	229.29
19.25	228.15
19.26	228.92
19.27	227.82
19.28	228.42
19.29	229.7
19.3	231.84
19.31	233.54
19.32	236.19
19.33	238.02
19.34	237.31
19.35	237.79
19.36	235.54
19.37	233.91
19.38	232.76
19.39	227.75
19.4	224.84
19.41	222.41
19.42	221.9
19.43	223.42
19.44	226.31
19.45	227.79
19.46	230.48
19.47	232.43
19.48	235.71
19.49	238.03
19.5	237.55
19.51	235.99
19.52	236.77
19.53	234.38
19.54	232.94
19.55	229.52
19.56	229.58
19.57	228.39
19.58	227.78
19.59	228.01
19.6	228.34
19.61	230.71
19.62	234.32
19.63	236.96
19.64	241.56
19.65	242.92
19.66	242.99
19.67	243.06
19.68	240.21
19.69	239.15
19.7	235.07
19.71	231.7
19.72	229.46
19.73	230.6
19.74	226.86
19.75	226.89
19.76	230.92
19.77	233.14
19.78	234.7
19.79	236.71
19.8	238.64
19.81	239
19.82	241.35
19.83	240.51
19.84	240.77
19.85	237.36
19.86	235.48
19.87	233.45
19.88	229.97
19.89	227.94
19.9	225.09
19.91	225.98
19.92	228.05
19.93	230.24
19.94	231.5
19.95	233.92
19.96	237.32
19.97	238.48
19.98	239.59
19.99	239.8
20	239.59
20.01	235.82
20.02	234.43
20.03	229.93
20.04	224.88
20.05	224.33
20.06	227.87
20.07	229.29
20.08	228.9
20.09	230.83
20.1	232.38
20.11	233.32
20.12	238.28
20.13	238.99
20.14	239.93
20.15	238.19
20.16	235.55
20.17	234.14
20.18	232.49
20.19	233.58
20.2	230.34
20.21	229.8
20.22	232.4
20.23	234.14
20.24	236.14
20.25	238.28
20.26	239.23
20.27	241.46
20.28	239.71
20.29	235.8
20.3	232.79
20.31	225.15
20.32	219.52
20.33	219.33
20.34	221.63
20.35	226.09
20.36	232.9
20.37	241.31
20.38	0
20.39	0
20.4	0
20.41	0
20.42	0
20.43	0
20.44	0
20.45	0
20.46	0
20.47	0
20.48	0
20.49	0
20.5	0
20.51	0
20.52	0
20.53	0
20.54	0
20.55	0
20.56	0
20.57	0
20.58	0
20.59	0
20.6	0
20.61	0
20.62	0
20.63	0
20.64	0
20.65	0
20.66	0
20.67	0
20.68	0
20.69	0
20.7	0
20.71	0
20.72	0
20.73	0
20.74	0
20.75	0
20.76	0
20.77	0
20.78	0
20.79	0
20.8	0
20.81	0
20.82	0
20.83	0
20.84	0
20.85	0
20.86	0
20.87	0
20.88	0
20.89	0
20.9	0
20.91	0
20.92	0
20.93	0
20.94	0
20.95	0
20.96	0
20.97	0
20.98	0
20.99	0
21	0
21.01	0
21.02	0
21.03	0
21.04	0
21.05	0
21.06	0
21.07	0
21.08	0
21.09	0
21.1	0
21.11	0
21.12	0
21.13	0
21.14	0
21.15	0
21.16	0
21.17	0
21.18	0
21.19	0
21.2	0
21.21	0
21.22	0
21.23	0
21.24	0
21.25	0
21.26	0
21.27	0
21.28	0
21.29	0
21.3	0
21.31	0
21.32	241.32
21.33	244.39
21.34	246.01
21.35	246.8
21.36	245.22
21.37	244.25
21.38	246.76
21.39	251.43
21.4	257.03
21.41	266.69
21.42	274.24
21.43	281.02
21.44	286.04
21.45	287.12
21.46	286.01
21.47	279.89
21.48	277.65
21.49	276.28
21.5	277.08
21.51	275.77
21.52	276.12
21.53	278.27
21.54	280.77
21.55	282.6
21.56	282.18
21.57	281.13
21.58	280.82
21.59	278.36
21.6	277.23
21.61	275.57
21.62	273.27
21.63	272.17
21.64	268.2
21.65	268.09
21.66	268.91
21.67	269.75
21.68	268.81
21.69	270.36
21.7	272.97
21.71	274.43
21.72	274.59
21.73	276.21
21.74	277.5
21.75	276.06
21.76	0
21.77	0
21.78	0
21.79	0
21.8	0
21.81	0
21.82	0
21.83	0
21.84	0
21.85	0
21.86	0
21.87	0
21.88	0
21.89	0
21.9	0
21.91	0
21.92	0
21.93	0
21.94	0
21.95	0
21.96	0
21.97	0
21.98	0
21.99	288.88
22	283.48
22.01	282.61
22.02	279.24
22.03	278.28
22.04	277.47
22.05	275.82
22.06	274.97
22.07	273.82
22.08	272.84
22.09	272.88
22.1	272.43
22.11	274.46
22.12	275
22.13	276.28
22.14	275.87
22.15	274.5
22.16	266.14
22.17	275.03
22.18	278.6
22.19	277.89
22.2	278.7
22.21	281.42
22.22	279.68
22.23	279.67
22.24	278.74
22.25	276.63
22.26	276.6
22.27	275.69
22.28	275.42
22.29	273.66
22.3	274.37
22.31	274.76
22.32	274.85
22.33	275.17
22.34	275.76
22.35	275.5
22.36	275.87
22.37	276.09
22.38	276.35
22.39	276.78
22.4	276.91
22.41	276.64
22.42	276.2
22.43	275.43
22.44	275.87
22.45	275.39
22.46	276.77
22.47	276.49
22.48	277.52
22.49	277.15
22.5	277.08
22.51	277.18
22.52	276.58
22.53	276.06
22.54	276.31
22.55	276.24
22.56	275.52
22.57	275.63
22.58	275.93
22.59	275.04
22.6	275.1
22.61	274.86
22.62	274.52
22.63	273.38
22.64	274.46
22.65	274.56
22.66	274
22.67	267.57
22.68	262.5
22.69	253.29
22.7	246.65
22.71	234.74
22.72	234.5
22.73	217.33
22.74	228.17
22.75	205.62
22.76	0
22.77	0
22.78	0
22.79	0
22.8	0
22.81	0
22.82	0
22.83	0
22.84	0
22.85	0
22.86	0
22.87	0
22.88	0
22.89	0
22.9	0
22.91	0
22.92	0
22.93	0
22.94	0
22.95	0
22.96	0
22.97	0
22.98	0
22.99	0
23	0
23.01	0
23.02	0
23.03	0
23.04	0
23.05	0
23.06	0
23.07	0
23.08	0
23.09	0
23.1	0
23.11	0
23.12	0
23.13	0
23.14	0
23.15	0
23.16	0
23.17	0
23.18	0
23.19	0
23.2	0
23.21	0
23.22	0
23.23	0
23.24	0
23.25	0
23.26	0
23.27	0
23.28	0
23.29	0
23.3	0
23.31	0
23.32	0
23.33	0
23.34	0
23.35	0
23.36	0
23.37	0
23.38	0
23.39	0
23.4	0
23.41	0
23.42	0
23.43	0
23.44	0
23.45	0
23.46	0
23.47	0
23.48	0
23.49	0
23.5	0
23.51	0
23.52	0
23.53	0
23.54	0
23.55	0
23.56	0
23.57	0
23.58	0
23.59	0
23.6	0
23.61	170.11
23.62	173.02
23.63	194.42
23.64	210.84
23.65	222.85
23.66	230.93
23.67	238.36
23.68	240.15
23.69	235.79
23.7	234.99
23.71	236.58
23.72	239.54
23.73	243.26
23.74	248.29
23.75	251.77
23.76	255.82
23.77	258.39
23.78	261.68
23.79	265.57
23.8	266.8
23.81	267.7
23.82	267.51
23.83	266.98
23.84	264.75
23.85	263.79
23.86	260.77
23.87	259.8
23.88	245.32
23.89	227.51
23.9	210.39
23.91	0
23.92	0
23.93	0
23.94	0
23.95	0
23.96	0
23.97	0
23.98	0
23.99	234.54
24	240.3
24.01	246.45
24.02	257.06
24.03	263.44
24.04	268.01
24.05	270.51
24.06	268.01
24.07	266.07
24.08	259.46
24.09	255.7
24.1	252.43
24.11	254.15
24.12	257.21
24.13	260.35
24.14	266.95
24.15	272.63
24.16	274.97
24.17	275.94
24.18	276.8
24.19	272.68
24.2	269.58
24.21	265.35
24.22	263.11
24.23	260.71
24.24	260.75
24.25	261.68
24.26	261.49
24.27	263.04
24.28	261.59
24.29	263.16
24.3	261.52
24.31	262.08
24.32	260.71
24.33	260.63
24.34	260.99
24.35	259.67
24.36	259.28
24.37	258.41
24.38	257.47
24.39	256.71
24.4	256.56
24.41	257.66
24.42	259.99
24.43	263.61
24.44	267.58
24.45	274.13
24.46	277.46
24.47	282.9
24.48	283.8
24.49	282.3
24.5	276.59
24.51	274.18
24.52	270.63
24.53	271.16
24.54	271.77
24.55	266.96
24.56	276.61
24.57	276.02
24.58	275.02
24.59	273.42
24.6	269.97
24.61	267.66
24.62	261.84
24.63	259.25
24.64	260.68
24.65	262.14
24.66	264.94
24.67	268.38
24.68	270.62
24.69	275.97
24.7	276.42
24.71	275.75
24.72	273.8
24.73	269.08
24.74	266.87
24.75	265.71
24.76	264.74
24.77	265.31
24.78	266.21
24.79	267.7
24.8	272.76
24.81	275.65
24.82	279.58
24.83	283.46
24.84	284.53
24.85	284.48
24.86	281.83
24.87	276.84
24.88	275.05
24.89	271.46
24.9	268.9
24.91	267.47
24.92	268
24.93	267.84
24.94	272.94
24.95	275.81
24.96	280.55
24.97	285.44
24.98	287.47
24.99	289.66
25	287.92
25.01	286.17
25.02	281.53
25.03	277.71
25.04	275.28
25.05	274.1
25.06	272.16
25.07	274.71
25.08	275.61
25.09	277.33
25.1	282.23
25.11	285.66
25.12	287.52
25.13	288.34
25.14	287.09
25.15	285.38
25.16	283.26
25.17	278.68
25.18	276.53
25.19	277.27
25.2	277.06
25.21	277.72
25.22	277.62
25.23	278.68
25.24	278.35
25.25	278.36
25.26	277.21
25.27	274.7
25.28	270.36
25.29	271.58
25.3	266.51
25.31	265.16
25.32	257.89
25.33	248.85
25.34	238.94
25.35	237.51
25.36	234
25.37	234.02
25.38	235.68
25.39	238.78
25.4	236.62
25.41	233.04
25.42	234.34
25.43	0
25.44	0
25.45	0
25.46	0
25.47	0
25.48	0
25.49	0
25.5	0
25.51	0
25.52	0
25.53	0
25.54	0
25.55	0
25.56	0
25.57	0
25.58	0
25.59	0
25.6	0
25.61	0
25.62	0
25.63	0
25.64	0
25.65	0
25.66	0
25.67	0
25.68	0
25.69	0
25.7	0
25.71	0
25.72	0
25.73	0
25.74	0
25.75	0
25.76	0
25.77	0
25.78	0
25.79	0
25.8	0
25.81	0
25.82	0
25.83	0
25.84	0
25.85	0
25.86	0
25.87	0
25.88	0
25.89	0
25.9	0
25.91	0
25.92	0
25.93	0
25.94	0
25.95	0
25.96	0
25.97	0
25.98	0
25.99	0
26	0
26.01	0
26.02	0
26.03	0
26.04	0
26.05	0
26.06	0
26.07	0
26.08	0
26.09	0
26.1	0
26.11	0
26.12	0
26.13	0
26.14	0
26.15	0
26.16	0
26.17	0
26.18	0
26.19	0
26.2	0
26.21	0
26.22	0
26.23	0
26.24	0
26.25	0
26.26	0
26.27	0
26.28	0
26.29	0
26.3	0
26.31	0
26.32	0
26.33	0
26.34	0
26.35	0
26.36	0
26.37	0
26.38	0
26.39	0
26.4	0
26.41	0
26.42	0
26.43	0
26.44	0
26.45	0
26.46	0
26.47	0
26.48	0
26.49	0
26.5	0
26.51	0
26.52	0
26.53	169.01
26.54	171.83
26.55	172.01
26.56	171.25
26.57	172.43
26.58	174.7
26.59	181.6
26.6	186.48
26.61	193.99
26.62	202.07
26.63	212.25
26.64	223.13
26.65	228.17
26.66	231.71
26.67	232.99
26.68	231.3
26.69	229.39
26.7	227.65
26.71	227.02
26.72	228.3
26.73	233.21
26.74	241.97
26.75	248.64
26.76	259.2
26.77	267.98
26.78	275.12
26.79	278.16
26.8	277.68
26.81	276.14
26.82	271.64
26.83	270.9
26.84	269.74
26.85	270.25
26.86	271.25
26.87	273.11
26.88	273.62
26.89	275.3
26.9	275.91
26.91	277.34
26.92	277.88
26.93	277.76
26.94	277.79
26.95	278.74
26.96	278.46
26.97	278.29
26.98	277.88
26.99	277.35
27	276.9
27.01	275.69
27.02	275.03
27.03	274.41
27.04	273.14
27.05	274.01
27.06	273.57
27.07	274.23
27.08	274.42
27.09	274.5
27.1	275.98
27.11	276.07
27.12	276.46
27.13	277.2
27.14	277.31
27.15	277.39
27.16	278.16
27.17	278.35
27.18	276.96
27.19	276.07
27.2	275.09
27.21	276.99
27.22	276.89
27.23	276.95
27.24	276.12
27.25	275.97
27.26	276.51
27.27	275.43
27.28	276.25
27.29	276.75
27.3	277.71
27.31	277.01
27.32	276.34
27.33	276.22
27.34	276.34
27.35	275.79
27.36	276.32
27.37	275.84
27.38	275.12
27.39	274.53
27.4	274.5
27.41	275.04
27.42	275.65
27.43	276.18
27.44	276.68
27.45	276.95
27.46	277.03
27.47	277.01
27.48	276.41
27.49	276.52
27.5	275.75
27.51	275.94
27.52	276.81
27.53	276.99
27.54	277.24
27.55	276.99
27.56	276.85
27.57	276.62
27.58	276.57
27.59	276.24
27.6	275.96
27.61	276.69
27.62	277.07
27.63	276.29
27.64	276.04
27.65	275.08
27.66	274.46
27.67	273.74
27.68	274.03
27.69	274.49
27.7	275.12
27.71	275.56
27.72	276.13
27.73	276.37
27.74	276
27.75	274.96
27.76	274.27
27.77	275
27.78	274.56
27.79	274.76
27.8	275.49
27.81	275.42
27.82	275.82
27.83	275.93
27.84	277.03
27.85	277.89
27.86	277.59
27.87	277.08
27.88	276.72
27.89	276.86
27.9	276.58
27.91	275.04
27.92	272.62
27.93	273.21
27.94	270.37
27.95	268.52
27.96	271.01
27.97	274.81
27.98	278.06
27.99	278.82
28	278.06
28.01	276.45
28.02	273.83
28.03	270.38
28.04	270.22
28.05	272.68
28.06	278.69
28.07	283.45
28.08	284.6
28.09	281.85
28.1	273.35
28.11	276.03
28.12	273.65
28.13	0
28.14	0
28.15	0
28.16	0
28.17	0
28.18	0
28.19	0
28.2	0
28.21	0
28.22	0
28.23	0
28.24	0
28.25	0
28.26	0
28.27	0
28.28	0
28.29	0
28.3	0
28.31	274.73
28.32	278.19
28.33	278.4
28.34	286.16
28.35	291.93
28.36	291.95
28.37	288.58
28.38	281.9
28.39	273.73
28.4	270.62
28.41	272.33
28.42	276.98
28.43	283.02
28.44	282.83
28.45	276.74
28.46	268.82
28.47	252.37
28.48	240.95
28.49	224.58
28.5	215.5
28.51	209.33
28.52	204.66
28.53	202.15
28.54	201.17
28.55	203.32
28.56	204.6
28.57	208.12
28.58	209.38
28.59	211.84
28.6	211.78
28.61	210.93
28.62	208.04
28.63	203.77
28.64	197.17
28.65	197.87
28.66	201.44
28.67	205.48
28.68	205.18
28.69	203.77
28.7	202.88
28.71	202.92
28.72	201.99
28.73	202.45
28.74	202.74
28.75	204.52
28.76	206.54
28.77	204.16
28.78	199.19
28.79	195.01
28.8	184.08
28.81	0
28.82	0
28.83	0
28.84	0
28.85	0
28.86	0
28.87	0
28.88	0
28.89	0
28.9	0
28.91	0
28.92	0
28.93	0
28.94	0
28.95	0
28.96	0
28.97	226.09
28.98	235.71
28.99	239.05
29	239.9
29.01	238.49
29.02	236.67
29.03	232.41
29.04	229.71
29.05	233.44
29.06	237.97
29.07	243.36
29.08	250.99
29.09	258.53
29.1	265.96
29.11	268.06
29.12	274.05
29.13	274.89
29.14	274.03
29.15	269.89
29.16	266.07
29.17	264.73
29.18	262.64
29.19	262.01
29.2	261.84
29.21	265.28
29.22	0
29.23	0
29.24	0
29.25	0
29.26	0
29.27	0
29.28	0
29.29	0
29.3	0
29.31	0
29.32	0
29.33	0
29.34	0
29.35	0
29.36	0
29.37	0
29.38	0
29.39	0
29.4	0
29.41	0
29.42	0
29.43	0
29.44	0
29.45	256.72
29.46	258.92
29.47	261.08
29.48	264.36
29.49	262.5
29.5	259.02
29.51	255.34
29.52	250.49
29.53	249.34
29.54	248.95
29.55	250.35
29.56	254.18
29.57	258.51
29.58	264.41
29.59	267.03
29.6	269.75
29.61	270.07
29.62	266.76
29.63	265.19
29.64	260.01
29.65	258.02
29.66	258.59
29.67	261.76
29.68	262.89
29.69	265.6
29.7	264.32
29.71	262.26
29.72	258.13
29.73	251.02
29.74	245.63
29.75	244.97
29.76	238.76
29.77	231.72
29.78	229.52
29.79	231.52
29.8	247.17
29.81	273.46
29.82	288.95
29.83	293.12
29.84	292.4
29.85	286.45
29.86	280
29.87	275.57
29.88	271.25
29.89	269.37
29.9	272.43
29.91	275.21
29.92	278.75
29.93	281.36
29.94	278.72
29.95	271.19
29.96	264.02
29.97	263.49
29.98	263.86
29.99	265.9
30	0
30.01	0
30.02	0
30.03	0
30.04	0
30.05	0
30.06	0
30.07	0
30.08	0
30.09	254.77
30.1	251.31
30.11	257.74
30.12	271.29
30.13	279.24
30.14	283.82
30.15	282.29
30.16	275.56
30.17	268.7
30.18	266.15
30.19	267.41
30.2	273.45
30.21	275.95
30.22	282.88
30.23	284.76
30.24	284.09
30.25	277.2
30.26	270.91
30.27	264.57
30.28	257.89
30.29	255.31
30.3	256.26
30.31	260.59
30.32	271.13
30.33	287.8
30.34	302.44
30.35	315.03
30.36	323.28
30.37	329.92
30.38	331.55
30.39	328.8
30.4	322.18
30.41	319.62
30.42	318.26
30.43	320.35
30.44	325.82
30.45	333.16
30.46	338.02
30.47	346.04
30.48	348.63
30.49	349.35
30.5	349.53
30.51	349.33
30.52	348.66
30.53	348.27
30.54	348.13
30.55	347.67
30.56	347.19
30.57	347.52
30.58	348.65
30.59	348.83
30.6	349.58
30.61	347.62
30.62	338.4
30.63	322.43
30.64	316
30.65	315.47
30.66	316.71
30.67	315.53
30.68	311.03
30.69	305.32
30.7	293.02
30.71	277.14
30.72	270.57
30.73	268.89
30.74	267.71
30.75	267.18
30.76	268.13
30.77	271.3
30.78	274.43
30.79	275.84
30.8	276.38
30.81	276
30.82	274.57
30.83	271.69
30.84	271.67
30.85	272.88
30.86	275.66
30.87	280.58
30.88	285.18
30.89	292.41
30.9	295.82
30.91	296.12
30.92	295.83
30.93	293
30.94	286.85
30.95	280.76
30.96	274.96
30.97	267.77
30.98	266.94
30.99	265.68
31	268.91
31.01	273.36
31.02	277.72
31.03	286.71
31.04	289.77
31.05	293.34
31.06	294.5
31.07	292.09
31.08	287.9
31.09	284.43
31.1	277.62
31.11	270.21
31.12	272.22
31.13	273.3
31.14	276.11
31.15	283.05
31.16	288.99
31.17	292.31
31.18	298.16
31.19	300.88
31.2	294.17
31.21	288.71
31.22	284.12
31.23	274.88
31.24	273.69
31.25	279.83
31.26	285.27
31.27	298.5
31.28	306.11
31.29	309.46
31.3	307.49
31.31	301.06
31.32	281.18
31.33	269.51
31.34	266.05
31.35	267.23
31.36	265.02
31.37	275.93
31.38	279.87
