0	0
0.01	0
0.02	0
0.03	0
0.04	0
0.05	0
0.06	236.9
0.07	259.7
0.08	268.12
0.09	280.77
0.1	295.91
0.11	313.85
0.12	327.22
0.13	357.05
0.14	380.38
0.15	368.58
0.16	368.03
0.17	366.7
0.18	364.55
0.19	363.48
0.2	361.96
0.21	362.31
0.22	364.17
0.23	366.52
0.24	377.88
0.25	385.57
0.26	394.18
0.27	401.38
0.28	405.7
0.29	407.9
0.3	404.62
0.31	404.88
0.32	406.83
0.33	408.27
0.34	408.74
0.35	408.57
0.36	408.49
0.37	407.51
0.38	405.92
0.39	401.28
0.4	396.87
0.41	397.56
0.42	402.87
0.43	408.18
0.44	419.44
0.45	418.22
0.46	416.45
0.47	414.38
0.48	413.62
0.49	412.38
0.5	412.39
0.51	412.55
0.52	414.04
0.53	415.68
0.54	415.66
0.55	415.23
0.56	413.73
0.57	413.93
0.58	412.01
0.59	406.89
0.6	406.56
0.61	410.56
0.62	417.59
0.63	0
0.64	0
0.65	0
0.66	0
0.67	0
0.68	0
0.69	0
0.7	416.38
0.71	408.66
0.72	413.4
0.73	422.25
0.74	416.14
0.75	412.44
0.76	409.23
0.77	407.93
0.78	407.99
0.79	410.81
0.8	413.48
0.81	414.85
0.82	413.04
0.83	408.96
0.84	400
0.85	400
0.86	400
0.87	409.88
0.88	405.97
0.89	0
0.9	0
0.91	0
0.92	0
0.93	0
0.94	0
0.95	0
0.96	0
0.97	0
0.98	0
0.99	0
1	0
1.01	0
1.02	332.2
1.03	350.54
1.04	351.99
1.05	355.55
1.06	358.16
1.07	359.32
1.08	358.09
1.09	354.35
1.1	352.35
1.11	351.39
1.12	352.8
1.13	357.94
1.14	362.56
1.15	370.08
1.16	378.75
1.17	388.14
1.18	394
1.19	397.84
1.2	396.67
1.21	397.39
1.22	396.27
1.23	393.6
1.24	389.79
1.25	386.59
1.26	384.85
1.27	384.32
1.28	384.71
1.29	386.74
1.3	390.13
1.31	393.38
1.32	395.87
1.33	397.7
1.34	397.04
1.35	394.21
1.36	388.97
1.37	381.42
1.38	371.83
1.39	373.53
1.4	378.01
1.41	383.18
1.42	393.55
1.43	0
1.44	0
1.45	0
1.46	0
1.47	0
1.48	0
1.49	0
1.5	0
1.51	0
1.52	0
1.53	0
1.54	0
1.55	405.13
1.56	407.35
1.57	399.12
1.58	399.15
1.59	397.66
1.6	396.53
1.61	394.33
1.62	391.69
1.63	389.48
1.64	388.43
1.65	387.38
1.66	390.9
1.67	392.42
1.68	392.39
1.69	393.4
1.7	393.1
1.71	390.41
1.72	382.7
1.73	396.57
1.74	401.74
1.75	405.04
1.76	392.99
1.77	379.17
1.78	0
1.79	0
1.8	0
1.81	0
1.82	0
1.83	0
1.84	0
1.85	0
1.86	0
1.87	0
1.88	0
1.89	0
1.9	0
1.91	0
1.92	0
1.93	0
1.94	0
1.95	0
1.96	0
1.97	0
1.98	0
1.99	0
2	0
2.01	0
2.02	0
2.03	0
2.04	0
2.05	0
2.06	356.57
2.07	354.43
2.08	356.36
2.09	355.49
2.1	353.86
2.11	353.94
2.12	349.72
2.13	345.54
2.14	343.2
2.15	342.58
2.16	343.14
2.17	345.29
2.18	349.53
2.19	358.33
2.2	366.78
2.21	377.2
2.22	383.6
2.23	388.33
2.24	389.5
2.25	389.8
2.26	388.01
2.27	382.31
2.28	376.68
2.29	369.09
2.3	0
2.31	0
2.32	0
2.33	0
2.34	0
2.35	0
2.36	0
2.37	0
2.38	0
2.39	0
2.4	364.86
2.41	367.85
2.42	360.34
2.43	359.78
2.44	358.74
2.45	358.68
2.46	357.98
2.47	356.93
2.48	354.68
2.49	353.05
2.5	351.25
2.51	349.98
2.52	349.08
2.53	348.49
2.54	347.59
2.55	344.93
2.56	340.64
2.57	336.22
2.58	336.54
2.59	331.65
2.6	326.83
2.61	313.6
2.62	307.28
2.63	300.34
2.64	294.05
2.65	290.83
2.66	290.34
2.67	304.17
2.68	323.15
2.69	323.18
2.7	322.32
2.71	321.12
2.72	318.38
2.73	317.17
2.74	316.35
2.75	315.67
2.76	315.35
2.77	316.69
2.78	315.48
2.79	303.93
2.8	0
2.81	0
2.82	0
2.83	0
2.84	0
2.85	0
2.86	0
2.87	0
2.88	0
2.89	0
2.9	0
2.91	343.01
2.92	341.67
2.93	339.96
2.94	343.53
2.95	345.94
2.96	351.67
2.97	350.95
2.98	351.4
2.99	350.03
3	348.69
3.01	346.37
3.02	344.99
3.03	342.6
3.04	339.83
3.05	337.21
3.06	337.35
3.07	339.82
3.08	340.55
3.09	342.55
3.1	343.98
3.11	346.96
3.12	348.45
3.13	349.55
3.14	348
3.15	345.76
3.16	344.44
3.17	340.45
3.18	339.65
3.19	339.29
3.2	338.28
3.21	338.43
3.22	341.96
3.23	345.68
3.24	350
3.25	352.06
3.26	354.95
3.27	355.01
3.28	352.24
3.29	349.05
3.3	344.92
3.31	339.81
3.32	335.04
3.33	331.47
3.34	331.1
3.35	330.42
3.36	332.77
3.37	336.87
3.38	343.25
3.39	347.98
3.4	350.77
3.41	352.3
3.42	352.87
3.43	351.4
3.44	349.8
3.45	349.36
3.46	347.98
3.47	345.56
3.48	343.94
3.49	341.84
3.5	340.15
3.51	345.11
3.52	350.65
3.53	353.7
3.54	353.13
3.55	353.12
3.56	351.36
3.57	350.18
3.58	347.85
3.59	345.64
3.6	344.61
3.61	341.63
3.62	340.07
3.63	340.16
3.64	337.24
3.65	338.46
3.66	341.99
3.67	0
3.68	0
3.69	0
3.7	0
3.71	0
3.72	0
3.73	0
3.74	0
3.75	0
3.76	0
3.77	0
3.78	0
3.79	0
3.8	0
3.81	0
3.82	0
3.83	0
3.84	0
3.85	0
3.86	0
3.87	0
3.88	0
3.89	0
3.9	0
3.91	0
3.92	0
3.93	0
3.94	0
3.95	0
3.96	0
3.97	0
3.98	0
3.99	0
4	0
4.01	0
4.02	0
4.03	0
4.04	0
4.05	0
4.06	0
4.07	0
4.08	0
4.09	0
4.1	0
4.11	0
4.12	0
4.13	0
4.14	0
4.15	0
4.16	0
4.17	0
4.18	0
4.19	0
4.2	0
4.21	0
4.22	0
4.23	0
4.24	0
4.25	0
4.26	0
4.27	0
4.28	0
4.29	0
4.3	0
4.31	0
4.32	0
4.33	0
4.34	0
4.35	0
4.36	0
4.37	0
4.38	0
4.39	0
4.4	0
4.41	0
4.42	0
4.43	0
4.44	0
4.45	0
4.46	0
4.47	0
4.48	0
4.49	0
4.5	0
4.51	0
4.52	0
4.53	0
4.54	0
4.55	0
4.56	360.24
4.57	376.59
4.58	375.21
4.59	376.42
4.6	377.38
4.61	379.53
4.62	383.54
4.63	386.8
4.64	393.46
4.65	399.52
4.66	402.69
4.67	397.24
4.68	405.37
4.69	405.17
4.7	407.44
4.71	406.92
4.72	406.75
4.73	403.39
4.74	402.25
4.75	402.95
4.76	404.84
4.77	405.57
4.78	404.92
4.79	405.4
4.8	404.94
4.81	403.12
4.82	405.76
4.83	400
4.84	421.06
4.85	418.83
4.86	419.79
4.87	420.66
4.88	421.43
4.89	422.17
4.9	421.46
4.91	422.27
4.92	422.28
4.93	422.09
4.94	422.93
4.95	422.34
4.96	420.67
4.97	415.81
4.98	410.18
4.99	399.99
5	0
5.01	0
5.02	0
5.03	0
5.04	0
5.05	0
5.06	0
5.07	0
5.08	0
5.09	0
5.1	0
5.11	0
5.12	0
5.13	412.51
5.14	423.18
5.15	413.8
5.16	413.96
5.17	414.12
5.18	414.01
5.19	415.04
5.2	415.2
5.21	414.67
5.22	413.69
5.23	400
5.24	400
5.25	400
5.26	0
5.27	0
5.28	0
5.29	0
5.3	0
5.31	0
5.32	0
5.33	0
5.34	428.12
5.35	396.34
5.36	378.94
5.37	369.52
5.38	361.36
5.39	355.45
5.4	354.22
5.41	351.75
5.42	350.53
5.43	371.59
5.44	374.62
5.45	365.96
5.46	362.49
5.47	360.44
5.48	358.66
5.49	358.28
5.5	356.63
5.51	355.14
5.52	354.83
5.53	356.22
5.54	359.27
5.55	364.4
5.56	370.9
5.57	378.73
5.58	384.18
5.59	390.35
5.6	394.74
5.61	396.84
5.62	397.62
5.63	395.87
5.64	392.13
5.65	387.31
5.66	382.05
5.67	377.8
5.68	375.17
5.69	374.72
5.7	377.42
5.71	382.73
5.72	388.16
5.73	393.05
5.74	396.47
5.75	396.22
5.76	394.06
5.77	390.44
5.78	385.92
5.79	382.93
5.8	382.75
5.81	385.68
5.82	390.5
5.83	392.56
5.84	390.55
5.85	384.05
5.86	0
5.87	0
5.88	0
5.89	0
5.9	0
5.91	0
5.92	0
5.93	0
5.94	0
5.95	0
5.96	390.76
5.97	392.44
5.98	393.35
5.99	393.49
6	391.75
6.01	387.31
6.02	385.93
6.03	384.69
6.04	383.8
6.05	386.91
6.06	386.68
6.07	384.82
6.08	383.77
6.09	384.86
6.1	390.05
6.11	393.61
6.12	394.69
6.13	396.2
6.14	395.44
6.15	390.58
6.16	376.98
6.17	360.23
6.18	345.54
6.19	0
6.2	0
6.21	0
6.22	0
6.23	0
6.24	0
6.25	0
6.26	0
6.27	0
6.28	0
6.29	0
6.3	0
6.31	0
6.32	0
6.33	0
6.34	0
6.35	0
6.36	0
6.37	0
6.38	0
6.39	0
6.4	0
6.41	0
6.42	0
6.43	0
6.44	0
6.45	0
6.46	0
6.47	0
6.48	0
6.49	0
6.5	0
6.51	0
6.52	387.15
6.53	381.33
6.54	366.84
6.55	355.11
6.56	353.94
6.57	350.42
6.58	347.69
6.59	349.91
6.6	357.62
6.61	364.71
6.62	372.88
6.63	380.03
6.64	385.93
6.65	390.31
6.66	396.37
6.67	396.66
6.68	389.87
6.69	0
6.7	0
6.71	0
6.72	0
6.73	0
6.74	0
6.75	0
6.76	0
6.77	0
6.78	0
6.79	0
6.8	0
6.81	368.51
6.82	364.27
6.83	363.97
6.84	364.68
6.85	363.71
6.86	360.55
6.87	357
6.88	354.85
6.89	355.67
6.9	356.52
6.91	357.37
6.92	359.47
6.93	361.23
6.94	362.4
6.95	363.83
6.96	364.28
6.97	363.71
6.98	362.59
6.99	359.62
7	345.94
7.01	312.48
7.02	295.68
7.03	282.03
7.04	273.99
7.05	268.05
7.06	274.77
7.07	299.49
7.08	311.35
7.09	312.81
7.1	313.71
7.11	313.98
7.12	314.47
7.13	313.79
7.14	311.15
7.15	306.21
7.16	296.4
7.17	286.42
7.18	283.92
7.19	287.01
7.2	0
7.21	0
7.22	0
7.23	0
7.24	0
7.25	0
7.26	0
7.27	0
7.28	0
7.29	0
7.3	0
7.31	0
7.32	0
7.33	0
7.34	0
7.35	0
7.36	0
7.37	0
7.38	327.66
7.39	323.73
7.4	320.82
7.41	318.83
7.42	315.41
7.43	314.05
7.44	314.98
7.45	315.47
7.46	313.91
7.47	313.04
7.48	313.52
7.49	316.59
7.5	322.59
7.51	328.87
7.52	337.12
7.53	344.96
7.54	351.46
7.55	359.51
7.56	363.63
7.57	366.67
7.58	366.15
7.59	362.23
7.6	355.4
7.61	347.5
7.62	343.9
7.63	339.53
7.64	336.89
7.65	338.93
7.66	341.92
7.67	347.65
7.68	353.66
7.69	359.9
7.7	364.78
7.71	366.29
7.72	364.98
7.73	363.89
7.74	361.93
7.75	357.82
7.76	351.76
7.77	348.18
7.78	344.97
7.79	342.69
7.8	342.73
7.81	345.02
7.82	350.04
7.83	356.57
7.84	363.58
7.85	369.56
7.86	372.47
7.87	371.95
7.88	365.43
7.89	360.56
7.9	351.24
7.91	355.5
7.92	354.38
7.93	357.33
7.94	354.93
7.95	357.75
7.96	359.51
7.97	356.44
7.98	356.39
7.99	357.78
8	357.91
8.01	358.43
8.02	358.12
8.03	355.64
8.04	351.63
8.05	342.13
8.06	338.62
8.07	337.96
8.08	0
8.09	0
8.1	0
8.11	0
8.12	0
8.13	0
8.14	0
8.15	0
8.16	0
8.17	0
8.18	0
8.19	257.99
8.2	261.4
8.21	256.12
8.22	250.72
8.23	245.78
8.24	239.45
8.25	233.43
8.26	228.61
8.27	225.16
8.28	222.37
8.29	220.45
8.3	219.92
8.31	221.23
8.32	222.34
8.33	227.31
8.34	230.48
8.35	236.24
8.36	240.12
8.37	244
8.38	248.51
8.39	252.46
8.4	255.17
8.41	256.31
8.42	256.31
8.43	255.56
8.44	255.91
8.45	256.7
8.46	256.92
8.47	260.25
8.48	261.48
8.49	264.33
8.5	263.89
8.51	264.39
8.52	263.47
8.53	261.47
8.54	262.17
8.55	261.93
8.56	262.45
8.57	261.75
8.58	260.47
8.59	258.43
8.6	255.37
8.61	258.89
8.62	258.84
8.63	258.05
8.64	260.04
8.65	260.58
8.66	263.11
8.67	264.98
8.68	267.01
8.69	267.7
8.7	265.67
8.71	262.72
8.72	264.79
8.73	269.07
8.74	273.67
8.75	269.95
8.76	264.5
8.77	256.26
8.78	250.78
8.79	245.6
8.8	244.13
8.81	243.16
8.82	242.92
8.83	242.16
8.84	243.37
8.85	243.16
8.86	244.82
8.87	245.32
8.88	244.54
8.89	244.82
8.9	244.89
8.91	244.08
8.92	243.69
8.93	242.89
8.94	240.61
8.95	237.07
8.96	232.43
8.97	224.93
8.98	215.21
8.99	206.77
9	199.97
9.01	197.09
9.02	197.85
9.03	200.8
9.04	203.21
9.05	205.19
9.06	207.28
9.07	208.19
9.08	210.18
9.09	210.78
9.1	210.41
9.11	209.28
9.12	208.69
9.13	206.55
9.14	206.89
9.15	206.52
9.16	204.78
9.17	203.17
9.18	202.05
9.19	199.54
9.2	195.7
9.21	192.07
9.22	189.45
9.23	187.01
9.24	187.42
9.25	183.42
9.26	179.26
9.27	176.75
9.28	180.16
9.29	177.62
9.3	182.47
9.31	185.85
9.32	189.87
9.33	192.05
9.34	196.27
9.35	200.54
9.36	204.23
9.37	207.51
9.38	209.66
9.39	212.24
9.4	213.47
9.41	213.84
9.42	211.45
9.43	208.69
9.44	205.77
9.45	201.44
9.46	199.07
9.47	197.23
9.48	198.57
9.49	200.27
9.5	205.74
9.51	210.37
9.52	214.12
9.53	217.23
9.54	218.56
9.55	219.31
9.56	217.31
9.57	215.36
9.58	211.36
9.59	206.2
9.6	201.32
9.61	196.91
9.62	194.79
9.63	194.88
9.64	197.33
9.65	202.41
9.66	207.04
9.67	210.63
9.68	213.61
9.69	216.13
9.7	215.45
9.71	213.99
9.72	211.33
9.73	205.66
9.74	198.64
9.75	191.35
9.76	189.49
9.77	192.39
9.78	196.16
9.79	201.39
9.8	206.1
9.81	209.12
9.82	212.89
9.83	215.23
9.84	215.76
9.85	215.21
9.86	212.47
9.87	209.73
9.88	200.81
9.89	200.21
9.9	194.58
9.91	203.16
9.92	201.39
9.93	200.42
9.94	203.51
9.95	196.07
9.96	0
9.97	0
9.98	0
9.99	0
10	0
10.01	0
10.02	0
10.03	0
10.04	0
10.05	0
10.06	0
10.07	0
10.08	0
10.09	0
10.1	0
10.11	0
10.12	0
10.13	0
10.14	0
10.15	0
10.16	0
10.17	0
10.18	0
10.19	0
10.2	0
10.21	0
10.22	0
10.23	0
10.24	0
10.25	0
10.26	0
10.27	0
10.28	0
10.29	0
10.3	0
10.31	0
10.32	0
10.33	0
10.34	0
10.35	0
10.36	0
10.37	0
10.38	0
10.39	0
10.4	0
10.41	0
10.42	0
10.43	0
10.44	0
10.45	0
10.46	0
10.47	0
10.48	0
10.49	0
10.5	0
10.51	0
10.52	0
10.53	0
10.54	0
10.55	0
10.56	0
10.57	0
10.58	0
10.59	0
10.6	0
10.61	0
10.62	0
10.63	0
10.64	0
10.65	0
10.66	0
10.67	0
10.68	0
10.69	0
10.7	0
10.71	0
10.72	0
10.73	0
10.74	0
10.75	0
10.76	0
10.77	0
10.78	0
10.79	0
10.8	0
10.81	0
10.82	0
10.83	0
10.84	0
10.85	0
10.86	197.86
10.87	205.28
10.88	208.28
10.89	200.45
10.9	200.49
10.91	201.99
10.92	204.27
10.93	204.54
10.94	206.48
10.95	204.88
10.96	204.26
10.97	204.07
10.98	199.69
10.99	200.91
11	201.57
11.01	202.23
11.02	201.24
11.03	200.99
11.04	197.87
11.05	198.3
11.06	198.92
11.07	199.05
11.08	203.74
11.09	206.42
11.1	207
11.11	212.98
11.12	217.06
11.13	219.69
11.14	225.28
11.15	228.75
11.16	232.14
11.17	235.03
11.18	235.93
11.19	235.78
11.2	234.54
11.21	233.7
11.22	234.33
11.23	233.95
11.24	233.27
11.25	233.26
11.26	232.95
11.27	233.38
11.28	233.12
11.29	233.62
11.3	233.21
11.31	233.09
11.32	232.58
11.33	232.24
11.34	233.3
11.35	234.97
11.36	234.81
11.37	232.31
11.38	225.27
11.39	218.2
11.4	211.58
11.41	203.34
11.42	200.89
11.43	0
11.44	0
11.45	0
11.46	0
11.47	0
11.48	0
11.49	0
11.5	173.01
11.51	181.74
11.52	201.17
11.53	209.95
11.54	215.99
11.55	215.8
11.56	212.75
11.57	209.37
11.58	204.16
11.59	199.04
11.6	195.99
11.61	194.86
11.62	194.5
11.63	198.72
11.64	204.21
11.65	208.64
11.66	216.74
11.67	219.37
11.68	220.64
11.69	218.32
11.7	211.37
11.71	208.69
11.72	203.96
11.73	198.64
11.74	198.24
11.75	193.26
11.76	0
11.77	0
11.78	0
11.79	0
11.8	0
11.81	0
11.82	0
11.83	0
11.84	0
11.85	0
11.86	0
11.87	0
11.88	0
11.89	0
11.9	0
11.91	0
11.92	0
11.93	0
11.94	0
11.95	0
11.96	0
11.97	0
11.98	0
11.99	0
12	0
12.01	0
12.02	0
12.03	0
12.04	0
12.05	178.78
12.06	189.97
12.07	191.37
12.08	193.88
12.09	198.18
12.1	202.71
12.11	205.64
12.12	209.29
12.13	212
12.14	212.77
12.15	212.27
12.16	209.98
12.17	206.22
12.18	204.44
12.19	204.63
12.2	205.01
12.21	208.36
12.22	209.56
12.23	211.45
12.24	215.91
12.25	221.87
12.26	228
12.27	233.41
12.28	237.46
12.29	238.77
12.3	238.54
12.31	237.31
12.32	235.76
12.33	234.2
12.34	232.28
12.35	231.13
12.36	229.75
12.37	230.82
12.38	231.13
12.39	232.47
12.4	233.46
12.41	234.39
12.42	233.64
12.43	233.54
12.44	234.44
12.45	233.97
12.46	234.73
12.47	235.19
12.48	234.78
12.49	234.26
12.5	231.49
12.51	224.47
12.52	208.1
12.53	199.95
12.54	193.38
12.55	187.38
12.56	179.84
12.57	174.72
12.58	170.85
12.59	165.6
12.6	161.25
12.61	0
12.62	0
12.63	0
12.64	0
12.65	211.63
12.66	213.83
12.67	213.33
12.68	214.02
12.69	214.16
12.7	214.39
12.71	213.75
12.72	211.51
12.73	208.14
12.74	204.99
12.75	202.74
12.76	201.29
12.77	199.29
12.78	199.49
12.79	201.05
12.8	203.9
12.81	206.47
12.82	209.81
12.83	213.36
12.84	216.38
12.85	216.47
12.86	215.17
12.87	213.02
12.88	210.41
12.89	207.02
12.9	203.76
12.91	203.3
12.92	201.91
12.93	201.89
12.94	203.47
12.95	205.59
12.96	207.27
12.97	209.58
12.98	211.39
12.99	211.84
13	211.03
13.01	209.55
13.02	207.17
13.03	206.82
13.04	205.97
13.05	204.01
13.06	198.21
13.07	0
13.08	0
13.09	0
13.1	0
13.11	0
13.12	0
13.13	0
13.14	0
13.15	0
13.16	0
13.17	0
13.18	0
13.19	174.94
13.2	177.29
13.21	174.45
13.22	171.84
13.23	168.82
13.24	167.94
13.25	168.31
13.26	170.28
13.27	171.91
13.28	173.3
13.29	174.87
13.3	175.25
13.31	176.59
13.32	177.86
13.33	179.45
13.34	182.7
13.35	185.66
13.36	188.49
13.37	192.49
13.38	195.06
13.39	198.44
13.4	199.69
13.41	201.92
13.42	200.28
13.43	199.05
13.44	197.33
13.45	195.6
13.46	195.56
13.47	194.97
13.48	195.12
13.49	195.25
13.5	196.33
13.51	197.7
13.52	198.47
13.53	198.33
13.54	198.1
13.55	197.43
13.56	197.82
13.57	198.61
13.58	201.19
13.59	201.5
13.6	198.79
13.61	190.15
13.62	183.23
13.63	0
13.64	0
13.65	0
13.66	0
13.67	0
13.68	0
13.69	0
13.7	0
13.71	0
13.72	0
13.73	0
13.74	0
13.75	0
13.76	0
13.77	0
13.78	189.31
13.79	180.28
13.8	178.27
13.81	178.87
13.82	180.74
13.83	181.31
13.84	180.86
13.85	180.01
13.86	178.31
13.87	175.22
13.88	172.31
13.89	170.99
13.9	168.78
13.91	168.13
13.92	168.69
13.93	170.38
13.94	173.74
13.95	175.66
13.96	177.21
13.97	179.49
13.98	179.57
13.99	179.23
14	178.35
14.01	176.46
14.02	173.31
14.03	170.67
14.04	167.18
14.05	166.14
14.06	167.1
14.07	167.82
14.08	170.61
14.09	174.24
14.1	175.46
14.11	175.45
14.12	177.45
14.13	176.32
14.14	173.74
14.15	171.09
14.16	168.55
14.17	167.86
14.18	165.33
14.19	165.52
14.2	165.51
14.21	168.56
14.22	172.89
14.23	174.7
14.24	178.12
14.25	180.33
14.26	180.58
14.27	180.25
14.28	178.32
14.29	175.23
14.3	171.78
14.31	166.33
14.32	163.07
14.33	160.31
14.34	161.92
14.35	164.73
14.36	170.66
14.37	172.73
14.38	176.1
14.39	179.09
14.4	181.14
14.41	179.89
14.42	180.09
14.43	175.97
14.44	173.41
14.45	168.49
14.46	167.51
14.47	165.24
14.48	165.89
14.49	168.99
14.5	173.42
14.51	176.98
14.52	180.29
14.53	181.8
14.54	181.88
14.55	181.59
14.56	180.19
14.57	177.44
14.58	172.32
14.59	168.2
14.6	163.07
14.61	159.61
14.62	156.03
14.63	156.53
14.64	161.01
14.65	163.23
14.66	170.48
14.67	173.12
14.68	176.91
14.69	180.13
14.7	181.84
14.71	181.44
14.72	180.16
14.73	175.8
14.74	168.58
14.75	166.65
14.76	164.33
14.77	163.58
14.78	162.96
14.79	167.31
14.8	163.1
14.81	172.14
14.82	0
14.83	0
14.84	0
14.85	0
14.86	0
14.87	0
14.88	0
14.89	0
14.9	0
14.91	0
14.92	0
14.93	0
14.94	0
14.95	0
14.96	0
14.97	0
14.98	0
14.99	0
15	0
15.01	0
15.02	0
15.03	0
15.04	0
15.05	0
15.06	0
15.07	0
15.08	0
15.09	0
15.1	0
15.11	0
15.12	0
15.13	0
15.14	0
15.15	0
15.16	0
15.17	0
15.18	0
15.19	0
15.2	0
15.21	0
15.22	0
15.23	0
15.24	0
15.25	0
15.26	0
15.27	0
15.28	0
15.29	0
15.3	0
15.31	0
15.32	0
15.33	0
15.34	0
15.35	0
15.36	0
15.37	0
15.38	0
15.39	0
15.4	0
15.41	0
15.42	0
15.43	0
15.44	0
15.45	0
15.46	0
15.47	0
15.48	0
15.49	0
15.5	0
15.51	0
15.52	0
15.53	0
15.54	0
15.55	0
15.56	0
15.57	0
15.58	0
15.59	0
15.6	0
15.61	0
15.62	0
15.63	0
15.64	0
15.65	0
15.66	0
15.67	0
15.68	0
15.69	0
15.7	0
15.71	0
15.72	0
15.73	0
15.74	0
15.75	0
15.76	0
15.77	0
15.78	0
15.79	0
15.8	0
15.81	0
15.82	0
15.83	0
15.84	0
15.85	0
15.86	0
15.87	0
15.88	0
15.89	0
15.9	0
15.91	0
15.92	0
15.93	0
15.94	0
15.95	0
15.96	0
15.97	0
15.98	0
15.99	0
16	0
16.01	0
16.02	0
16.03	0
16.04	0
16.05	0
16.06	0
16.07	0
16.08	0
16.09	0
16.1	0
16.11	0
16.12	0
16.13	0
16.14	0
16.15	0
16.16	0
16.17	0
16.18	0
16.19	0
16.2	0
16.21	0
16.22	0
16.23	0
16.24	0
16.25	0
16.26	0
16.27	0
16.28	0
16.29	0
16.3	0
16.31	0
16.32	0
16.33	0
16.34	0
16.35	0
16.36	0
16.37	0
16.38	0
16.39	0
16.4	0
16.41	0
16.42	0
16.43	0
16.44	0
16.45	0
16.46	0
16.47	0
16.48	0
16.49	0
16.5	0
16.51	0
16.52	0
16.53	0
16.54	0
16.55	0
16.56	0
16.57	0
16.58	0
16.59	0
16.6	0
16.61	0
16.62	0
16.63	0
16.64	0
16.65	0
16.66	0
16.67	0
16.68	0
16.69	0
16.7	0
16.71	0
16.72	0
16.73	0
16.74	0
16.75	0
16.76	0
16.77	0
16.78	0
16.79	0
16.8	0
16.81	0
16.82	0
16.83	0
16.84	0
16.85	0
16.86	0
16.87	0
16.88	0
16.89	0
16.9	0
16.91	0
16.92	0
16.93	0
16.94	0
16.95	0
16.96	0
16.97	0
16.98	0
16.99	0
17	0
17.01	0
17.02	0
17.03	0
17.04	0
17.05	0
17.06	0
17.07	0
17.08	0
17.09	0
17.1	0
17.11	0
17.12	0
17.13	0
17.14	0
17.15	0
17.16	0
17.17	0
17.18	0
17.19	0
17.2	0
17.21	0
17.22	0
17.23	0
17.24	0
17.25	0
17.26	0
17.27	0
17.28	0
17.29	0
17.3	0
17.31	0
17.32	0
17.33	0
17.34	0
17.35	0
17.36	0
17.37	0
17.38	0
17.39	0
17.4	0
17.41	0
17.42	0
17.43	0
17.44	0
17.45	0
17.46	0
17.47	0
17.48	0
17.49	0
17.5	0
17.51	0
17.52	0
17.53	0
17.54	0
17.55	0
17.56	0
17.57	0
17.58	0
17.59	0
17.6	0
17.61	0
17.62	0
17.63	0
17.64	0
17.65	0
17.66	0
17.67	0
17.68	0
17.69	0
17.7	0
17.71	0
17.72	0
17.73	0
17.74	0
17.75	0
17.76	0
17.77	0
17.78	0
17.79	0
17.8	0
17.81	0
17.82	0
17.83	0
17.84	0
17.85	272.04
17.86	282.14
17.87	294.55
17.88	301.26
17.89	309.92
17.9	318.4
17.91	326.18
17.92	333.16
17.93	338.98
17.94	347.19
17.95	358.17
17.96	364.35
17.97	366.33
17.98	366.06
17.99	362.34
18	360.75
18.01	362.18
18.02	369.69
18.03	378.07
18.04	384.8
18.05	391.06
18.06	397.35
18.07	400.94
18.08	403.76
18.09	405.19
18.1	406.28
18.11	406.31
18.12	405.42
18.13	405.42
18.14	401.95
18.15	389.79
18.16	391.37
18.17	397.91
18.18	402.06
18.19	410.39
18.2	420.29
18.21	419.87
18.22	418.23
18.23	416.61
18.24	415.86
18.25	415.82
18.26	416.05
18.27	418.27
18.28	418.21
18.29	418.9
18.3	419.55
18.31	419.44
18.32	420.96
18.33	421.09
18.34	420.33
18.35	420.1
18.36	414.91
18.37	407.95
18.38	406.82
18.39	404.61
18.4	402.56
18.41	408.11
18.42	0
18.43	0
18.44	0
18.45	0
18.46	434.03
18.47	429.04
18.48	417.55
18.49	417.76
18.5	418.28
18.51	416.64
18.52	415.49
18.53	415.24
18.54	414.39
18.55	414.96
18.56	415.3
18.57	415.15
18.58	406.56
18.59	371.3
18.6	384.46
18.61	390.49
18.62	395.02
18.63	389.45
18.64	378.23
18.65	376.7
18.66	367.69
18.67	361.43
18.68	351.98
18.69	337.37
18.7	329.25
18.71	313.79
18.72	307.35
18.73	322.16
18.74	380.18
18.75	365.63
18.76	361.81
18.77	361.37
18.78	361.52
18.79	361.14
18.8	359.04
18.81	357.09
18.82	354.67
18.83	353.63
18.84	355.32
18.85	360.36
18.86	366.7
18.87	374.28
18.88	382.09
18.89	391.91
18.9	397.78
18.91	398.39
18.92	398.72
18.93	396.16
18.94	392.14
18.95	387.51
18.96	382.84
18.97	379.19
18.98	377.5
18.99	378.77
19	380.17
19.01	385.65
19.02	391.61
19.03	398.14
19.04	403.03
19.05	405.04
19.06	404.34
19.07	402.02
19.08	400
19.09	396.53
19.1	392.37
19.11	389.16
19.12	386.99
19.13	385.07
19.14	386.01
19.15	389.5
19.16	395.59
19.17	400.51
19.18	405.48
19.19	408.26
19.2	408.09
19.21	405.93
19.22	402.75
19.23	400.15
19.24	397.4
19.25	393.96
19.26	392.95
19.27	393.66
19.28	393
19.29	390.18
19.3	385.92
19.31	384.39
19.32	378.39
19.33	383.1
19.34	0
19.35	0
19.36	0
19.37	0
19.38	0
19.39	0
19.4	0
19.41	0
19.42	0
19.43	0
19.44	0
19.45	0
19.46	0
19.47	0
19.48	0
19.49	0
19.5	0
19.51	0
19.52	0
19.53	0
19.54	0
19.55	0
19.56	0
19.57	0
19.58	0
19.59	0
19.6	0
19.61	0
19.62	0
19.63	0
19.64	0
19.65	0
19.66	0
19.67	0
19.68	0
19.69	0
19.7	0
19.71	0
19.72	0
19.73	0
19.74	0
19.75	0
19.76	0
19.77	0
19.78	0
19.79	0
19.8	0
19.81	0
19.82	0
19.83	0
19.84	0
19.85	0
19.86	0
19.87	379.42
19.88	375.23
19.89	364.91
19.9	364.81
19.91	362.06
19.92	358.39
19.93	353.72
19.94	353.41
19.95	355.32
19.96	357.61
19.97	360.13
19.98	364.74
19.99	370.88
20	379.08
20.01	385.8
20.02	393.22
20.03	395.69
20.04	396.49
20.05	397.1
20.06	397.09
20.07	397.13
20.08	396.49
20.09	395.68
20.1	395.18
20.11	394.9
20.12	394.46
20.13	393.37
20.14	390.4
20.15	382.58
20.16	374.65
20.17	365.44
20.18	359.57
20.19	349.2
20.2	341.6
20.21	336.9
20.22	335.93
20.23	359.49
20.24	353.76
20.25	352.66
20.26	353.42
20.27	351.36
20.28	347.28
20.29	343.02
20.3	338.87
20.31	338.46
20.32	339.66
20.33	343.93
20.34	346.55
20.35	350.27
20.36	352.91
20.37	352.01
20.38	347.72
20.39	337.87
20.4	0
20.41	0
20.42	0
20.43	0
20.44	0
20.45	0
20.46	0
20.47	0
20.48	0
20.49	0
20.5	0
20.51	0
20.52	0
20.53	0
20.54	0
20.55	0
20.56	0
20.57	0
20.58	0
20.59	0
20.6	0
20.61	0
20.62	0
20.63	0
20.64	0
20.65	0
20.66	302.29
20.67	315.23
20.68	319.36
20.69	321.1
20.7	318.76
20.71	313.86
20.72	309.91
20.73	307.84
20.74	305.6
20.75	306.65
20.76	310.68
20.77	315.96
20.78	321.19
20.79	321.56
20.8	327.03
20.81	322
20.82	0
20.83	0
20.84	0
20.85	0
20.86	0
20.87	0
20.88	0
20.89	0
20.9	0
20.91	0
20.92	0
20.93	0
20.94	0
20.95	0
20.96	352.11
20.97	356.27
20.98	362.56
20.99	364.61
21	363.52
21.01	360.03
21.02	355.97
21.03	353.45
21.04	351.28
21.05	350.11
21.06	347.29
21.07	343.65
21.08	342.49
21.09	342.53
21.1	344.8
21.11	348.61
21.12	351.74
21.13	354.99
21.14	357.16
21.15	357.16
21.16	353.91
21.17	349.92
21.18	346.73
21.19	342.24
21.2	338.08
21.21	336.61
21.22	335.14
21.23	336.27
21.24	338.17
21.25	344.19
21.26	351.18
21.27	357.61
21.28	359.67
21.29	360.64
21.3	360.63
21.31	357.44
21.32	353.05
21.33	350.13
21.34	345.79
21.35	341.78
21.36	338.58
21.37	337.48
21.38	337.57
21.39	341.39
21.4	346.12
21.41	351.22
21.42	357.79
21.43	362.24
21.44	363.82
21.45	363.86
21.46	362.18
21.47	357.71
21.48	352.21
21.49	347.33
21.5	340.24
21.51	334.26
21.52	330.8
21.53	328.58
21.54	333.09
21.55	339.02
21.56	344.65
21.57	350.43
21.58	355.25
21.59	357.95
21.6	355.59
21.61	352.97
21.62	350.37
21.63	346.56
21.64	341.62
21.65	332.15
21.66	0
21.67	0
21.68	0
21.69	0
21.7	0
21.71	0
21.72	0
21.73	0
21.74	0
21.75	0
21.76	0
21.77	0
21.78	0
21.79	0
21.8	0
21.81	0
21.82	0
21.83	0
21.84	0
21.85	0
21.86	0
21.87	0
21.88	0
21.89	0
21.9	0
21.91	0
21.92	0
21.93	0
21.94	0
21.95	0
21.96	0
21.97	0
21.98	0
21.99	0
22	0
22.01	0
22.02	0
22.03	0
22.04	0
22.05	0
22.06	0
22.07	0
22.08	0
22.09	0
22.1	0
22.11	0
22.12	0
22.13	0
22.14	0
22.15	0
22.16	0
22.17	0
22.18	0
22.19	0
22.2	0
22.21	0
22.22	0
22.23	0
22.24	0
22.25	0
22.26	0
22.27	0
22.28	0
22.29	357.13
22.3	346.74
22.31	350.17
22.32	357.64
22.33	365.81
22.34	373.61
22.35	379.32
22.36	380.69
22.37	382.32
22.38	383.53
22.39	381.3
22.4	377.39
22.41	378.11
22.42	380.93
22.43	384.94
22.44	390.38
22.45	398.67
22.46	404.89
22.47	412.37
22.48	414.56
22.49	413.35
22.5	411.04
22.51	409.32
22.52	408.09
22.53	408.67
22.54	409.61
22.55	410.4
22.56	410.98
22.57	412.06
22.58	413.46
22.59	414.13
22.6	415.53
22.61	416.34
22.62	416.13
22.63	416.92
22.64	400.15
22.65	414.27
22.66	419.54
22.67	419.95
22.68	421.27
22.69	421.7
22.7	420.93
22.71	419.71
22.72	419.26
22.73	419.23
22.74	417.64
22.75	416.24
22.76	415.14
22.77	413.9
22.78	413.8
22.79	416.15
22.8	417.19
22.81	419.4
22.82	420.01
22.83	419.33
22.84	416.76
22.85	410.43
22.86	398.64
22.87	390.25
22.88	389.48
22.89	398.55
22.9	416.19
22.91	420.36
22.92	420.38
22.93	420.26
22.94	418.47
22.95	417.47
22.96	415.52
22.97	415.06
22.98	414.83
22.99	416.34
23	416.71
23.01	417.83
23.02	421.58
23.03	426.71
23.04	437
23.05	439.85
23.06	0
23.07	0
23.08	0
23.09	0
23.1	0
23.11	0
23.12	0
23.13	0
23.14	0
23.15	0
23.16	0
23.17	0
23.18	0
23.19	0
23.2	0
23.21	336.99
23.22	352.71
23.23	360.5
23.24	364.49
23.25	363.66
23.26	359.03
23.27	354.42
23.28	351.43
23.29	350.72
23.3	351.87
23.31	354.69
23.32	360.54
23.33	367.75
23.34	376.97
23.35	385.71
23.36	391.74
23.37	394.73
23.38	396.15
23.39	396.2
23.4	395.03
23.41	393.46
23.42	391.31
23.43	387.99
23.44	388.56
23.45	389.17
23.46	390.38
23.47	390.46
23.48	386.61
23.49	378.11
23.5	350.42
23.51	0
23.52	0
23.53	0
23.54	0
23.55	0
23.56	0
23.57	0
23.58	0
23.59	0
23.6	0
23.61	0
23.62	0
23.63	0
23.64	0
23.65	0
23.66	0
23.67	0
23.68	0
23.69	0
23.7	0
23.71	0
23.72	0
23.73	0
23.74	0
23.75	0
23.76	412.45
23.77	402.66
23.78	400.83
23.79	399.74
23.8	397.81
23.81	396.46
23.82	394.4
23.83	393.71
23.84	392.55
23.85	390.13
23.86	386.99
23.87	386.52
23.88	388.03
23.89	390.06
23.9	392.33
23.91	393.93
23.92	394.67
23.93	389.04
23.94	383.5
23.95	377.72
23.96	376.62
23.97	378.26
23.98	380.58
23.99	382.42
24	382.56
24.01	386.81
24.02	396.06
24.03	402.84
24.04	407.2
24.05	411.32
24.06	405.89
24.07	390.98
24.08	368.57
24.09	0
24.1	0
24.11	0
24.12	0
24.13	0
24.14	0
24.15	0
24.16	0
24.17	0
24.18	0
24.19	0
24.2	0
24.21	0
24.22	0
24.23	0
24.24	0
24.25	0
24.26	0
24.27	0
24.28	392.21
24.29	375.15
24.3	369.82
24.31	368.73
24.32	362.23
24.33	352.17
24.34	350.96
24.35	350.86
24.36	351.84
24.37	353.58
24.38	355.83
24.39	361.12
24.4	368.33
24.41	377.73
24.42	386.32
24.43	392.41
24.44	395.29
24.45	394.83
24.46	394.68
24.47	392.7
24.48	390.14
24.49	387.96
24.5	385.08
24.51	383.46
24.52	383.15
24.53	383.18
24.54	383.74
24.55	360.96
24.56	359.19
24.57	367.2
24.58	368.29
24.59	364.76
24.6	361.28
24.61	359.21
24.62	357.2
24.63	355.71
24.64	355.11
24.65	356.33
24.66	357.37
24.67	358.53
24.68	360.15
24.69	359.76
24.7	358.79
24.71	355.14
24.72	349.21
24.73	339.81
24.74	320.65
24.75	306.09
24.76	292.28
24.77	280.98
24.78	274.8
24.79	273.33
24.8	284.03
24.81	297.37
24.82	312.85
24.83	310.93
24.84	307.31
24.85	304.44
24.86	304.1
24.87	305.94
24.88	306.76
24.89	307.6
24.9	307.74
24.91	308.24
24.92	307.6
24.93	306.93
24.94	306.17
24.95	306.16
24.96	307.18
24.97	308.15
24.98	307.31
24.99	304.23
25	304.23
25.01	0
25.02	0
25.03	0
25.04	0
25.05	0
25.06	0
25.07	0
25.08	0
25.09	0
25.1	0
25.11	310.59
25.12	319.85
25.13	316.82
25.14	320.15
25.15	322.98
25.16	315.28
25.17	316.77
25.18	316.42
25.19	316.69
25.2	315
25.21	313.9
25.22	316.44
25.23	321.81
25.24	328.34
25.25	337.38
25.26	345.9
25.27	351.15
25.28	356.93
25.29	359.62
25.3	359.77
25.31	355.41
25.32	349
25.33	343.45
25.34	337.92
25.35	335.1
25.36	333.88
25.37	333.69
25.38	337.45
25.39	343.18
25.4	348.89
25.41	353.82
25.42	358.12
25.43	361.73
25.44	360.71
25.45	356.95
25.46	352.59
25.47	349.52
25.48	346.26
25.49	342.24
25.5	339.66
25.51	337.39
25.52	339.25
25.53	344.36
25.54	347.73
25.55	353.75
25.56	358.5
25.57	360.11
25.58	359.56
25.59	357.62
25.6	354.92
25.61	350.96
25.62	347.76
25.63	342.83
25.64	336.75
25.65	332.95
25.66	331.76
25.67	334.04
25.68	338.32
25.69	344.56
25.7	349.75
25.71	354.27
25.72	357.21
25.73	358.84
25.74	359.5
25.75	358.24
25.76	356.36
25.77	350.98
25.78	345.96
25.79	342.58
25.8	338.09
25.81	335.08
25.82	335.36
25.83	337.14
25.84	341.57
25.85	345.56
25.86	350.8
25.87	355.84
25.88	360.09
25.89	363.14
25.9	363.54
25.91	362.55
25.92	359.19
25.93	352.4
25.94	347.63
25.95	344.03
25.96	339.5
25.97	338.18
25.98	339.08
25.99	343.04
26	346.91
26.01	350.25
26.02	354.25
26.03	359.02
26.04	362.33
26.05	363.32
26.06	363.85
26.07	363.67
26.08	361.29
26.09	359.74
26.1	357.1
26.11	354.02
26.12	352.08
26.13	348.85
26.14	345.14
26.15	339.96
26.16	330.85
26.17	315.46
26.18	294.53
26.19	268.9
26.2	248.62
26.21	240.13
26.22	237.3
26.23	237.37
26.24	238.07
26.25	236.84
26.26	232.77
26.27	233.42
26.28	236.75
26.29	241.08
26.3	249.44
26.31	252.45
26.32	241.73
26.33	0
26.34	0
26.35	0
26.36	0
26.37	0
26.38	0
26.39	0
26.4	0
26.41	0
26.42	0
26.43	0
26.44	0
26.45	0
26.46	0
26.47	0
26.48	0
26.49	0
26.5	0
26.51	278.01
26.52	269.71
26.53	258.96
26.54	253.84
26.55	249.12
26.56	245.88
26.57	241.13
26.58	238.25
26.59	234.5
26.6	231.55
26.61	231.05
26.62	231.57
26.63	232.06
26.64	232.18
26.65	234.05
26.66	235.09
26.67	236.15
26.68	237.1
26.69	237.61
26.7	237.9
26.71	237.01
26.72	236.47
26.73	234.3
26.74	232.9
26.75	228.98
26.76	221.15
26.77	210.44
26.78	199.1
26.79	190.81
26.8	187.93
26.81	193.65
26.82	198.81
26.83	202.97
26.84	205.7
26.85	208.09
26.86	209.09
26.87	209.62
26.88	209.51
26.89	208.34
26.9	206.3
26.91	204.7
26.92	202.8
26.93	201.42
26.94	201.45
26.95	199.89
26.96	196.34
26.97	191.01
26.98	183.45
26.99	175.74
27	176.31
27.01	170.45
27.02	0
27.03	0
27.04	0
27.05	0
27.06	0
27.07	0
27.08	0
27.09	201.32
27.1	201.24
27.11	206.34
27.12	207.5
27.13	208.7
27.14	209.87
27.15	210.46
27.16	208.5
27.17	205.86
27.18	201.36
27.19	197.44
27.2	192.35
27.21	190.14
27.22	190.1
27.23	192.07
27.24	194.82
27.25	198.58
27.26	203.78
27.27	208.12
27.28	211.35
27.29	213.65
27.3	213.57
27.31	211.91
27.32	209.41
27.33	203.92
27.34	198.58
27.35	193.5
27.36	191.09
27.37	189.77
27.38	193.34
27.39	198.03
27.4	201.13
27.41	205.02
27.42	210.16
27.43	213.93
27.44	215.48
27.45	216.3
27.46	214.79
27.47	210.79
27.48	206.52
27.49	200.97
27.5	194.78
27.51	190.2
27.52	190.19
27.53	191.16
27.54	193.41
27.55	198.69
27.56	203.3
27.57	208.06
27.58	212.36
27.59	214
27.6	214.27
27.61	212.47
27.62	208.11
27.63	199.22
27.64	192.41
27.65	188.66
27.66	190.84
27.67	193.58
27.68	200.07
27.69	205.35
27.7	209.69
27.71	215.61
27.72	217.7
27.73	220.17
27.74	219.81
27.75	213.72
27.76	206.85
27.77	195.88
27.78	194.22
27.79	188.15
27.8	194.64
27.81	200.03
27.82	203.37
27.83	203.28
27.84	201.69
27.85	202.09
27.86	202.66
27.87	205.35
27.88	214.01
27.89	211.55
27.9	213.66
27.91	212.53
27.92	207.23
27.93	217.39
27.94	211.27
27.95	212.78
27.96	206.75
27.97	0
27.98	0
27.99	0
28	0
28.01	0
28.02	0
28.03	0
28.04	0
28.05	0
28.06	0
28.07	0
28.08	0
28.09	0
28.1	0
28.11	0
28.12	0
28.13	0
28.14	0
28.15	0
28.16	0
28.17	0
28.18	0
28.19	0
28.2	0
28.21	0
28.22	0
28.23	0
28.24	0
28.25	0
28.26	0
28.27	0
28.28	0
28.29	0
28.3	0
28.31	0
28.32	0
28.33	0
28.34	0
28.35	0
28.36	0
28.37	0
28.38	0
28.39	0
28.4	0
28.41	0
28.42	0
28.43	0
28.44	0
28.45	0
28.46	0
28.47	0
28.48	0
28.49	0
28.5	0
28.51	0
28.52	0
28.53	0
28.54	0
28.55	0
28.56	0
28.57	0
28.58	0
28.59	0
28.6	0
28.61	0
28.62	0
28.63	0
28.64	0
28.65	0
28.66	0
28.67	205.63
28.68	211.27
28.69	205.63
28.7	202.82
28.71	196.42
28.72	192.84
28.73	189.79
28.74	189.36
28.75	192.3
28.76	198.35
28.77	205.68
28.78	201.93
28.79	194.43
28.8	195.4
28.81	198.47
28.82	201.33
28.83	205.74
28.84	209.34
28.85	211.94
28.86	214.41
28.87	217.57
28.88	218.81
28.89	221.72
28.9	220.42
28.91	225.35
28.92	228.17
28.93	229.88
28.94	232.27
28.95	234.34
28.96	235.88
28.97	237.37
28.98	237.53
28.99	237.59
29	237.75
29.01	238.7
29.02	238.61
29.03	238.77
29.04	238.82
29.05	238.07
29.06	237.59
29.07	236.28
29.08	235.15
29.09	233.49
29.1	233.05
29.11	233.71
29.12	235.3
29.13	237.22
29.14	237.44
29.15	236.38
29.16	235.84
29.17	235.52
29.18	236.34
29.19	236.63
29.2	236.37
29.21	236.22
29.22	234.74
29.23	232.65
29.24	229.57
29.25	226.15
29.26	220.87
29.27	213.49
29.28	206.71
29.29	201.35
29.3	199.69
29.31	201.34
29.32	205.62
29.33	209.08
29.34	211.46
29.35	213.34
29.36	214.84
29.37	215.81
29.38	216
29.39	215.1
29.4	213.26
29.41	210.28
29.42	206.96
29.43	204.89
29.44	203.83
29.45	202.75
29.46	203.54
29.47	203.27
29.48	204.28
29.49	204.09
29.5	204.38
29.51	203.84
29.52	203.48
29.53	203.05
29.54	204.62
29.55	204.96
29.56	205.67
29.57	206.19
29.58	206.34
29.59	205.38
29.6	205.25
29.61	204.88
29.62	204.54
29.63	204.17
29.64	205.5
29.65	206.93
29.66	207.41
29.67	208.7
29.68	210.19
29.69	210.3
29.7	209.12
29.71	207.01
29.72	202.55
29.73	199.93
29.74	195.66
29.75	189.4
29.76	184.43
29.77	176.23
29.78	170.71
29.79	0
29.8	0
29.81	0
29.82	0
29.83	0
29.84	150.61
29.85	162.18
29.86	174
29.87	186.9
29.88	194.45
29.89	201.1
29.9	204.67
29.91	205.66
29.92	205.7
29.93	203.52
29.94	203.17
29.95	204.48
29.96	204.56
29.97	204.24
29.98	205.55
29.99	208.63
30	214.18
30.01	221.18
30.02	229.83
30.03	236.12
30.04	240.27
30.05	240.13
30.06	238.62
30.07	236.18
30.08	233.75
30.09	229.9
30.1	228.87
30.11	228.42
30.12	229.9
30.13	231.22
30.14	232.74
30.15	235.82
30.16	238.6
30.17	230.92
30.18	220.36
30.19	219.17
30.2	0
30.21	0
30.22	0
30.23	0
30.24	0
30.25	0
30.26	0
30.27	0
30.28	0
30.29	0
30.3	0
30.31	0
30.32	0
30.33	0
30.34	0
30.35	0
30.36	197.18
30.37	200.31
30.38	197.31
30.39	204.59
30.4	202.51
30.41	206.46
30.42	209.16
30.43	211.57
30.44	212.33
30.45	210.97
30.46	208.86
30.47	205.57
30.48	199.6
30.49	195.79
30.5	191.09
30.51	188.1
30.52	189.65
30.53	191.56
30.54	197.85
30.55	201.78
30.56	207.18
30.57	212.34
30.58	215.83
30.59	217.12
30.6	216.99
30.61	216.62
30.62	215.34
30.63	211.68
30.64	207.42
30.65	204.87
30.66	202.02
30.67	202.05
30.68	202.5
30.69	204.14
30.7	207.19
30.71	210.38
30.72	212.26
30.73	215.1
30.74	215.67
30.75	216.18
30.76	213.08
30.77	210.63
30.78	207.65
30.79	205.3
30.8	203.14
30.81	202.23
30.82	203.02
30.83	203.35
30.84	204.14
30.85	205.58
30.86	206.52
30.87	205.42
30.88	205.41
30.89	204.34
30.9	205.72
30.91	206.79
30.92	208.71
30.93	210.04
30.94	204.2
30.95	194.27
30.96	197.62
30.97	202.72
30.98	201.55
30.99	198.29
31	194.15
31.01	186.88
31.02	181.44
31.03	177.59
31.04	176
31.05	174.45
31.06	173.94
31.07	174.07
31.08	174.96
31.09	175.6
31.1	175.54
31.11	178.29
31.12	180.76
31.13	184.9
31.14	188.9
31.15	192.37
31.16	194.94
31.17	197.59
31.18	199.2
31.19	201.15
31.2	201.81
31.21	200.86
31.22	198.79
31.23	197.29
31.24	193.06
31.25	191.51
31.26	189.71
31.27	189.39
31.28	190.77
31.29	191.28
31.3	191.9
31.31	192.9
31.32	193.67
31.33	193.1
31.34	193.08
31.35	189.71
31.36	184.47
31.37	174.47
31.38	177.46
31.39	0
31.4	0
31.41	0
31.42	0
31.43	0
31.44	0
31.45	0
31.46	0
31.47	0
31.48	0
31.49	0
31.5	0
31.51	169.01
31.52	165.03
31.53	167.53
31.54	172.08
31.55	173.15
31.56	176.97
31.57	178.3
31.58	180.34
31.59	179.96
31.6	178.62
31.61	176.94
31.62	173.88
31.63	170.02
31.64	167.59
31.65	165.38
31.66	165.03
31.67	166.06
31.68	169.89
31.69	172.15
31.7	175.03
31.71	176.73
31.72	179.93
31.73	179.38
31.74	178.96
31.75	178.24
31.76	173.92
31.77	171.5
31.78	167.09
31.79	164.34
31.8	162.88
31.81	162.92
31.82	165.81
31.83	169.54
31.84	173.35
31.85	176.06
31.86	179.71
31.87	181.69
31.88	182.05
31.89	181.23
31.9	178.41
31.91	173.23
31.92	167.64
31.93	163.31
31.94	159.68
31.95	160.44
31.96	162.5
31.97	167.33
31.98	169.56
31.99	172.74
32	175.95
32.01	178.33
32.02	179.36
32.03	179.45
32.04	176.43
32.05	173.56
32.06	169.4
32.07	164.19
32.08	162.47
32.09	164.61
32.1	166.34
32.11	169.86
32.12	172.88
32.13	175.15
32.14	178.47
32.15	181.47
32.16	181.15
32.17	179.07
32.18	178.85
32.19	177.4
32.2	173.23
32.21	168.74
32.22	165.95
32.23	164.92
32.24	166.6
32.25	167.8
32.26	169.76
32.27	173.32
32.28	176.5
32.29	178.86
32.3	180.54
32.31	182.14
32.32	181.3
32.33	181.27
32.34	174.46
32.35	168.59
32.36	166.81
32.37	162.29
32.38	160.15
32.39	160.95
32.4	167.05
32.41	174.85
32.42	174.68
32.43	182.88
32.44	188.09
32.45	200.58
32.46	206.77
