0	0
0.01	0
0.02	0
0.03	0
0.04	0
0.05	0
0.06	0
0.07	0
0.08	0
0.09	0
0.1	0
0.11	0
0.12	0
0.13	0
0.14	0
0.15	0
0.16	0
0.17	0
0.18	0
0.19	0
0.2	0
0.21	0
0.22	311.13
0.23	311.13
0.24	311.13
0.25	311.13
0.26	311.13
0.27	311.13
0.28	311.13
0.29	311.13
0.3	311.13
0.31	311.13
0.32	311.13
0.33	311.13
0.34	311.13
0.35	311.13
0.36	311.13
0.37	311.13
0.38	311.13
0.39	311.13
0.4	311.13
0.41	0
0.42	0
0.43	0
0.44	0
0.45	0
0.46	0
0.47	0
0.48	311.13
0.49	311.13
0.5	311.13
0.51	311.13
0.52	311.13
0.53	311.13
0.54	311.13
0.55	311.13
0.56	311.13
0.57	311.13
0.58	311.13
0.59	311.13
0.6	0
0.61	0
0.62	0
0.63	0
0.64	0
0.65	0
0.66	0
0.67	0
0.68	0
0.69	311.13
0.7	311.13
0.71	311.13
0.72	311.13
0.73	311.13
0.74	311.13
0.75	311.13
0.76	311.13
0.77	311.13
0.78	311.13
0.79	311.13
0.8	311.13
0.81	311.13
0.82	311.13
0.83	311.13
0.84	311.13
0.85	311.13
0.86	311.13
0.87	311.13
0.88	311.13
0.89	311.13
0.9	311.13
0.91	311.13
0.92	311.13
0.93	311.13
0.94	311.13
0.95	261.63
0.96	261.63
0.97	261.63
0.98	261.63
0.99	261.63
1	261.63
1.01	261.63
1.02	261.63
1.03	261.63
1.04	261.63
1.05	261.63
1.06	261.63
1.07	261.63
1.08	261.63
1.09	261.63
1.1	261.63
1.11	261.63
1.12	261.63
1.13	261.63
1.14	261.63
1.15	261.63
1.16	261.63
1.17	261.63
1.18	261.63
1.19	261.63
1.2	261.63
1.21	261.63
1.22	261.63
1.23	233.08
1.24	233.08
1.25	233.08
1.26	233.08
1.27	233.08
1.28	233.08
1.29	233.08
1.3	233.08
1.31	233.08
1.32	233.08
1.33	233.08
1.34	233.08
1.35	233.08
1.36	233.08
1.37	233.08
1.38	233.08
1.39	233.08
1.4	233.08
1.41	233.08
1.42	233.08
1.43	233.08
1.44	233.08
1.45	233.08
1.46	233.08
1.47	233.08
1.48	233.08
1.49	233.08
1.5	233.08
1.51	233.08
1.52	233.08
1.53	233.08
1.54	233.08
1.55	233.08
1.56	233.08
1.57	233.08
1.58	233.08
1.59	233.08
1.6	233.08
1.61	207.65
1.62	207.65
1.63	207.65
1.64	207.65
1.65	207.65
1.66	207.65
1.67	207.65
1.68	207.65
1.69	207.65
1.7	207.65
1.71	207.65
1.72	207.65
1.73	207.65
1.74	207.65
1.75	207.65
1.76	207.65
1.77	207.65
1.78	207.65
1.79	207.65
1.8	207.65
1.81	207.65
1.82	0
1.83	0
1.84	0
1.85	0
1.86	0
1.87	0
1.88	233.08
1.89	233.08
1.9	233.08
1.91	233.08
1.92	233.08
1.93	233.08
1.94	233.08
1.95	233.08
1.96	233.08
1.97	233.08
1.98	233.08
1.99	233.08
2	233.08
2.01	233.08
2.02	233.08
2.03	233.08
2.04	233.08
2.05	233.08
2.06	233.08
2.07	233.08
2.08	233.08
2.09	233.08
2.1	233.08
2.11	233.08
2.12	233.08
2.13	233.08
2.14	233.08
2.15	233.08
2.16	233.08
2.17	233.08
2.18	233.08
2.19	233.08
2.2	233.08
2.21	233.08
2.22	233.08
2.23	233.08
2.24	233.08
2.25	233.08
2.26	233.08
2.27	233.08
2.28	233.08
2.29	233.08
2.3	233.08
2.31	233.08
2.32	233.08
2.33	233.08
2.34	233.08
2.35	233.08
2.36	233.08
2.37	233.08
2.38	233.08
2.39	233.08
2.4	233.08
2.41	233.08
2.42	233.08
2.43	233.08
2.44	233.08
2.45	233.08
2.46	233.08
2.47	233.08
2.48	233.08
2.49	233.08
2.5	233.08
2.51	233.08
2.52	233.08
2.53	233.08
2.54	233.08
2.55	233.08
2.56	233.08
2.57	233.08
2.58	233.08
2.59	233.08
2.6	233.08
2.61	233.08
2.62	233.08
2.63	233.08
2.64	233.08
2.65	233.08
2.66	233.08
2.67	233.08
2.68	233.08
2.69	233.08
2.7	233.08
2.71	233.08
2.72	233.08
2.73	233.08
2.74	233.08
2.75	233.08
2.76	233.08
2.77	233.08
2.78	233.08
2.79	233.08
2.8	233.08
2.81	233.08
2.82	233.08
2.83	233.08
2.84	0
2.85	0
2.86	0
2.87	0
2.88	0
2.89	0
2.9	207.65
2.91	207.65
2.92	207.65
2.93	207.65
2.94	207.65
2.95	207.65
2.96	207.65
2.97	207.65
2.98	207.65
2.99	207.65
3	207.65
3.01	207.65
3.02	207.65
3.03	207.65
3.04	311.13
3.05	311.13
3.06	311.13
3.07	311.13
3.08	311.13
3.09	311.13
3.1	311.13
3.11	311.13
3.12	311.13
3.13	311.13
3.14	311.13
3.15	311.13
3.16	311.13
3.17	311.13
3.18	311.13
3.19	0
3.2	0
3.21	0
3.22	0
3.23	0
3.24	0
3.25	0
3.26	0
3.27	0
3.28	0
3.29	311.13
3.3	311.13
3.31	311.13
3.32	311.13
3.33	311.13
3.34	311.13
3.35	311.13
3.36	311.13
3.37	311.13
3.38	311.13
3.39	0
3.4	0
3.41	0
3.42	0
3.43	0
3.44	311.13
3.45	311.13
3.46	311.13
3.47	311.13
3.48	311.13
3.49	311.13
3.5	311.13
3.51	311.13
3.52	311.13
3.53	311.13
3.54	311.13
3.55	311.13
3.56	311.13
3.57	311.13
3.58	311.13
3.59	311.13
3.6	311.13
3.61	0
3.62	0
3.63	0
3.64	0
3.65	0
3.66	0
3.67	0
3.68	0
3.69	0
3.7	311.13
3.71	311.13
3.72	311.13
3.73	311.13
3.74	311.13
3.75	311.13
3.76	311.13
3.77	311.13
3.78	311.13
3.79	311.13
3.8	311.13
3.81	0
3.82	0
3.83	0
3.84	0
3.85	0
3.86	311.13
3.87	311.13
3.88	311.13
3.89	311.13
3.9	311.13
3.91	311.13
3.92	311.13
3.93	311.13
3.94	311.13
3.95	311.13
3.96	311.13
3.97	311.13
3.98	311.13
3.99	311.13
4	311.13
4.01	311.13
4.02	311.13
4.03	311.13
4.04	311.13
4.05	311.13
4.06	311.13
4.07	311.13
4.08	311.13
4.09	311.13
4.1	311.13
4.11	311.13
4.12	311.13
4.13	311.13
4.14	311.13
4.15	311.13
4.16	311.13
4.17	311.13
4.18	311.13
4.19	311.13
4.2	311.13
4.21	311.13
4.22	311.13
4.23	311.13
4.24	311.13
4.25	311.13
4.26	311.13
4.27	311.13
4.28	311.13
4.29	311.13
4.3	311.13
4.31	311.13
4.32	311.13
4.33	311.13
4.34	311.13
4.35	311.13
4.36	311.13
4.37	311.13
4.38	311.13
4.39	311.13
4.4	311.13
4.41	311.13
4.42	311.13
4.43	311.13
4.44	311.13
4.45	311.13
4.46	311.13
4.47	311.13
4.48	311.13
4.49	311.13
4.5	311.13
4.51	311.13
4.52	311.13
4.53	311.13
4.54	311.13
4.55	311.13
4.56	311.13
4.57	311.13
4.58	311.13
4.59	311.13
4.6	311.13
4.61	311.13
4.62	311.13
4.63	311.13
4.64	311.13
4.65	311.13
4.66	311.13
4.67	311.13
4.68	311.13
4.69	311.13
4.7	311.13
4.71	311.13
4.72	311.13
4.73	311.13
4.74	311.13
4.75	311.13
4.76	311.13
4.77	311.13
4.78	311.13
4.79	311.13
4.8	311.13
4.81	311.13
4.82	311.13
4.83	311.13
4.84	311.13
4.85	311.13
4.86	311.13
4.87	311.13
4.88	311.13
4.89	311.13
4.9	311.13
4.91	311.13
4.92	311.13
4.93	311.13
4.94	311.13
4.95	311.13
4.96	311.13
4.97	311.13
4.98	311.13
4.99	0
5	0
5.01	0
5.02	0
5.03	0
5.04	0
5.05	0
5.06	0
5.07	0
5.08	0
5.09	0
5.1	0
5.11	0
5.12	0
5.13	0
5.14	0
5.15	0
5.16	0
5.17	0
5.18	0
5.19	0
5.2	0
5.21	0
5.22	0
5.23	0
5.24	0
5.25	207.65
5.26	207.65
5.27	207.65
5.28	207.65
5.29	207.65
5.3	207.65
5.31	207.65
5.32	207.65
5.33	0
5.34	0
5.35	0
5.36	0
5.37	0
5.38	0
5.39	0
5.4	207.65
5.41	207.65
5.42	207.65
5.43	207.65
5.44	207.65
5.45	207.65
5.46	207.65
5.47	207.65
5.48	207.65
5.49	207.65
5.5	207.65
5.51	207.65
5.52	207.65
5.53	207.65
5.54	207.65
5.55	0
5.56	0
5.57	0
5.58	0
5.59	0
5.6	0
5.61	0
5.62	0
5.63	0
5.64	0
5.65	0
5.66	0
5.67	207.65
5.68	207.65
5.69	207.65
5.7	207.65
5.71	207.65
5.72	207.65
5.73	207.65
5.74	207.65
5.75	207.65
5.76	207.65
5.77	207.65
5.78	207.65
5.79	207.65
5.8	0
5.81	0
5.82	0
5.83	0
5.84	0
5.85	0
5.86	0
5.87	0
5.88	0
5.89	0
5.9	0
5.91	0
5.92	0
5.93	0
5.94	207.65
5.95	207.65
5.96	207.65
5.97	207.65
5.98	207.65
5.99	207.65
6	207.65
6.01	207.65
6.02	207.65
6.03	207.65
6.04	207.65
6.05	0
6.06	0
6.07	0
6.08	233.08
6.09	233.08
6.1	233.08
6.11	233.08
6.12	233.08
6.13	233.08
6.14	233.08
6.15	233.08
6.16	233.08
6.17	233.08
6.18	233.08
6.19	233.08
6.2	233.08
6.21	233.08
6.22	233.08
6.23	233.08
6.24	233.08
6.25	233.08
6.26	233.08
6.27	233.08
6.28	0
6.29	0
6.3	0
6.31	0
6.32	0
6.33	0
6.34	0
6.35	261.63
6.36	261.63
6.37	261.63
6.38	261.63
6.39	261.63
6.4	261.63
6.41	261.63
6.42	261.63
6.43	261.63
6.44	261.63
6.45	261.63
6.46	261.63
6.47	261.63
6.48	261.63
6.49	261.63
6.5	261.63
6.51	261.63
6.52	261.63
6.53	261.63
6.54	261.63
6.55	261.63
6.56	261.63
6.57	261.63
6.58	261.63
6.59	261.63
6.6	261.63
6.61	261.63
6.62	261.63
6.63	261.63
6.64	261.63
6.65	261.63
6.66	261.63
6.67	261.63
6.68	261.63
6.69	261.63
6.7	261.63
6.71	261.63
6.72	261.63
6.73	261.63
6.74	261.63
6.75	261.63
6.76	261.63
6.77	261.63
6.78	261.63
6.79	261.63
6.8	261.63
6.81	261.63
6.82	261.63
6.83	261.63
6.84	261.63
6.85	261.63
6.86	261.63
6.87	261.63
6.88	261.63
6.89	261.63
6.9	261.63
6.91	261.63
6.92	261.63
6.93	261.63
6.94	261.63
6.95	261.63
6.96	261.63
6.97	261.63
6.98	261.63
6.99	261.63
7	261.63
7.01	261.63
7.02	261.63
7.03	261.63
7.04	261.63
7.05	261.63
7.06	261.63
7.07	261.63
7.08	261.63
7.09	0
7.1	0
7.11	0
7.12	0
7.13	0
7.14	0
7.15	0
7.16	0
7.17	0
7.18	0
7.19	0
7.2	0
7.21	0
7.22	0
7.23	0
7.24	0
7.25	0
7.26	0
7.27	0
7.28	207.65
7.29	207.65
7.3	207.65
7.31	207.65
7.32	207.65
7.33	207.65
7.34	207.65
7.35	207.65
7.36	0
7.37	0
7.38	0
7.39	0
7.4	0
7.41	261.63
7.42	261.63
7.43	261.63
7.44	261.63
7.45	261.63
7.46	261.63
7.47	261.63
7.48	261.63
7.49	261.63
7.5	261.63
7.51	261.63
7.52	261.63
7.53	261.63
7.54	261.63
7.55	261.63
7.56	261.63
7.57	261.63
7.58	261.63
7.59	261.63
7.6	261.63
7.61	261.63
7.62	0
7.63	0
7.64	0
7.65	0
7.66	0
7.67	0
7.68	0
7.69	0
7.7	0
7.71	0
7.72	261.63
7.73	261.63
7.74	261.63
7.75	261.63
7.76	261.63
7.77	261.63
7.78	261.63
7.79	261.63
7.8	261.63
7.81	0
7.82	0
7.83	0
7.84	0
7.85	261.63
7.86	261.63
7.87	261.63
7.88	261.63
7.89	261.63
7.9	261.63
7.91	261.63
7.92	261.63
7.93	261.63
7.94	261.63
7.95	261.63
7.96	261.63
7.97	261.63
7.98	261.63
7.99	261.63
8	261.63
8.01	261.63
8.02	261.63
8.03	261.63
8.04	261.63
8.05	261.63
8.06	261.63
8.07	261.63
8.08	0
8.09	0
8.1	233.08
8.11	233.08
8.12	233.08
8.13	233.08
8.14	233.08
8.15	233.08
8.16	233.08
8.17	233.08
8.18	233.08
8.19	233.08
8.2	233.08
8.21	233.08
8.22	233.08
8.23	233.08
8.24	0
8.25	207.65
8.26	207.65
8.27	207.65
8.28	207.65
8.29	207.65
8.3	207.65
8.31	207.65
8.32	207.65
8.33	207.65
8.34	207.65
8.35	207.65
8.36	207.65
8.37	207.65
8.38	207.65
8.39	207.65
8.4	207.65
8.41	207.65
8.42	207.65
8.43	207.65
8.44	207.65
8.45	207.65
8.46	207.65
8.47	207.65
8.48	207.65
8.49	207.65
8.5	207.65
8.51	207.65
8.52	207.65
8.53	207.65
8.54	207.65
8.55	207.65
8.56	207.65
8.57	207.65
8.58	207.65
8.59	207.65
8.6	207.65
8.61	207.65
8.62	207.65
8.63	207.65
8.64	207.65
8.65	207.65
8.66	207.65
8.67	207.65
8.68	207.65
8.69	207.65
8.7	207.65
8.71	207.65
8.72	207.65
8.73	207.65
8.74	207.65
8.75	207.65
8.76	207.65
8.77	207.65
8.78	207.65
8.79	207.65
8.8	207.65
8.81	207.65
8.82	207.65
8.83	207.65
8.84	207.65
8.85	207.65
8.86	207.65
8.87	207.65
8.88	207.65
8.89	207.65
8.9	207.65
8.91	207.65
8.92	207.65
8.93	207.65
8.94	0
8.95	0
8.96	0
8.97	0
8.98	0
8.99	0
9	0
9.01	0
9.02	0
9.03	0
9.04	0
9.05	0
9.06	0
9.07	0
9.08	311.13
9.09	311.13
9.1	311.13
9.11	311.13
9.12	311.13
9.13	311.13
9.14	311.13
9.15	311.13
9.16	311.13
9.17	311.13
9.18	311.13
9.19	311.13
9.2	311.13
9.21	311.13
9.22	311.13
9.23	311.13
9.24	0
9.25	0
9.26	0
9.27	0
9.28	0
9.29	0
9.3	0
9.31	0
9.32	0
9.33	0
9.34	0
9.35	311.13
9.36	311.13
9.37	311.13
9.38	311.13
9.39	311.13
9.4	311.13
9.41	311.13
9.42	311.13
9.43	311.13
9.44	0
9.45	0
9.46	0
9.47	0
9.48	0
9.49	0
9.5	311.13
9.51	311.13
9.52	311.13
9.53	311.13
9.54	311.13
9.55	311.13
9.56	311.13
9.57	311.13
9.58	311.13
9.59	311.13
9.6	311.13
9.61	311.13
9.62	311.13
9.63	311.13
9.64	311.13
9.65	311.13
9.66	311.13
9.67	311.13
9.68	311.13
9.69	311.13
9.7	311.13
9.71	0
9.72	0
9.73	0
9.74	0
9.75	0
9.76	0
9.77	0
9.78	0
9.79	0
9.8	261.63
9.81	261.63
9.82	261.63
9.83	261.63
9.84	261.63
9.85	261.63
9.86	261.63
9.87	261.63
9.88	261.63
9.89	261.63
9.9	261.63
9.91	261.63
9.92	261.63
9.93	261.63
9.94	261.63
9.95	261.63
9.96	261.63
9.97	261.63
9.98	0
9.99	0
10	0
10.01	0
10.02	0
10.03	0
10.04	0
10.05	0
10.06	0
10.07	233.08
10.08	233.08
10.09	233.08
10.1	233.08
10.11	233.08
10.12	233.08
10.13	233.08
10.14	233.08
10.15	233.08
10.16	233.08
10.17	233.08
10.18	233.08
10.19	233.08
10.2	233.08
10.21	233.08
10.22	233.08
10.23	233.08
10.24	233.08
10.25	233.08
10.26	233.08
10.27	0
10.28	0
10.29	0
10.3	0
10.31	0
10.32	0
10.33	0
10.34	207.65
10.35	207.65
10.36	207.65
10.37	207.65
10.38	207.65
10.39	207.65
10.4	207.65
10.41	207.65
10.42	207.65
10.43	207.65
10.44	207.65
10.45	207.65
10.46	207.65
10.47	207.65
10.48	207.65
10.49	207.65
10.5	207.65
10.51	207.65
10.52	0
10.53	0
10.54	0
10.55	0
10.56	0
10.57	0
10.58	0
10.59	0
10.6	0
10.61	0
10.62	0
10.63	0
10.64	0
10.65	0
10.66	233.08
10.67	233.08
10.68	233.08
10.69	233.08
10.7	233.08
10.71	233.08
10.72	233.08
10.73	233.08
10.74	233.08
10.75	233.08
10.76	233.08
10.77	233.08
10.78	233.08
10.79	233.08
10.8	233.08
10.81	233.08
10.82	233.08
10.83	233.08
10.84	233.08
10.85	233.08
10.86	233.08
10.87	233.08
10.88	233.08
10.89	233.08
10.9	233.08
10.91	233.08
10.92	233.08
10.93	233.08
10.94	233.08
10.95	233.08
10.96	233.08
10.97	233.08
10.98	233.08
10.99	233.08
11	233.08
11.01	233.08
11.02	233.08
11.03	233.08
11.04	233.08
11.05	233.08
11.06	233.08
11.07	233.08
11.08	233.08
11.09	233.08
11.1	233.08
11.11	233.08
11.12	233.08
11.13	233.08
11.14	233.08
11.15	233.08
11.16	233.08
11.17	233.08
11.18	233.08
11.19	233.08
11.2	233.08
11.21	233.08
11.22	233.08
11.23	233.08
11.24	233.08
11.25	233.08
11.26	233.08
11.27	233.08
11.28	233.08
11.29	233.08
11.3	233.08
11.31	233.08
11.32	233.08
11.33	233.08
11.34	233.08
11.35	233.08
11.36	233.08
11.37	233.08
11.38	233.08
11.39	233.08
11.4	233.08
11.41	233.08
11.42	233.08
11.43	233.08
11.44	0
11.45	0
11.46	0
11.47	0
11.48	0
11.49	0
11.5	0
11.51	0
11.52	0
11.53	0
11.54	0
11.55	0
11.56	0
11.57	0
11.58	0
11.59	0
11.6	233.08
11.61	233.08
11.62	233.08
11.63	233.08
11.64	233.08
11.65	233.08
11.66	233.08
11.67	233.08
11.68	233.08
11.69	233.08
11.7	233.08
11.71	233.08
11.72	207.65
11.73	207.65
11.74	207.65
11.75	207.65
11.76	207.65
11.77	207.65
11.78	207.65
11.79	207.65
11.8	207.65
11.81	207.65
11.82	207.65
11.83	207.65
11.84	0
11.85	0
11.86	0
11.87	0
11.88	0
11.89	0
11.9	311.13
11.91	311.13
11.92	311.13
11.93	311.13
11.94	311.13
11.95	311.13
11.96	311.13
11.97	311.13
11.98	311.13
11.99	311.13
12	311.13
12.01	311.13
12.02	311.13
12.03	311.13
12.04	0
12.05	0
12.06	0
12.07	0
12.08	0
12.09	0
12.1	0
12.11	0
12.12	0
12.13	0
12.14	0
12.15	311.13
12.16	311.13
12.17	311.13
12.18	311.13
12.19	311.13
12.2	311.13
12.21	311.13
12.22	311.13
12.23	0
12.24	0
12.25	0
12.26	0
12.27	0
12.28	0
12.29	311.13
12.3	311.13
12.31	311.13
12.32	311.13
12.33	311.13
12.34	311.13
12.35	311.13
12.36	311.13
12.37	311.13
12.38	311.13
12.39	311.13
12.4	311.13
12.41	311.13
12.42	311.13
12.43	0
12.44	0
12.45	0
12.46	0
12.47	0
12.48	0
12.49	0
12.5	0
12.51	0
12.52	0
12.53	0
12.54	0
12.55	311.13
12.56	311.13
12.57	311.13
12.58	311.13
12.59	311.13
12.6	311.13
12.61	311.13
12.62	311.13
12.63	311.13
12.64	0
12.65	0
12.66	0
12.67	0
12.68	0
12.69	311.13
12.7	311.13
12.71	311.13
12.72	311.13
12.73	311.13
12.74	311.13
12.75	311.13
12.76	311.13
12.77	311.13
12.78	311.13
12.79	311.13
12.8	311.13
12.81	311.13
12.82	311.13
12.83	311.13
12.84	311.13
12.85	311.13
12.86	311.13
12.87	311.13
12.88	311.13
12.89	311.13
12.9	311.13
12.91	311.13
12.92	311.13
12.93	311.13
12.94	311.13
12.95	311.13
12.96	311.13
12.97	311.13
12.98	311.13
12.99	311.13
13	311.13
13.01	311.13
13.02	311.13
13.03	311.13
13.04	311.13
13.05	311.13
13.06	311.13
13.07	311.13
13.08	311.13
13.09	311.13
13.1	311.13
13.11	311.13
13.12	311.13
13.13	311.13
13.14	311.13
13.15	311.13
13.16	311.13
13.17	311.13
13.18	311.13
13.19	311.13
13.2	311.13
13.21	311.13
13.22	311.13
13.23	311.13
13.24	311.13
13.25	311.13
13.26	311.13
13.27	311.13
13.28	311.13
13.29	311.13
13.3	311.13
13.31	311.13
13.32	311.13
13.33	311.13
13.34	311.13
13.35	311.13
13.36	311.13
13.37	311.13
13.38	311.13
13.39	311.13
13.4	311.13
13.41	311.13
13.42	311.13
13.43	311.13
13.44	311.13
13.45	311.13
13.46	311.13
13.47	311.13
13.48	311.13
13.49	311.13
13.5	311.13
13.51	311.13
13.52	311.13
13.53	311.13
13.54	311.13
13.55	311.13
13.56	311.13
13.57	311.13
13.58	311.13
13.59	311.13
13.6	311.13
13.61	311.13
13.62	311.13
13.63	311.13
13.64	311.13
13.65	311.13
13.66	311.13
13.67	311.13
13.68	311.13
13.69	311.13
13.7	311.13
13.71	311.13
13.72	311.13
13.73	311.13
13.74	311.13
13.75	311.13
13.76	311.13
13.77	311.13
13.78	311.13
13.79	311.13
13.8	311.13
13.81	311.13
13.82	311.13
13.83	311.13
13.84	311.13
13.85	311.13
13.86	311.13
13.87	311.13
13.88	311.13
13.89	311.13
13.9	311.13
13.91	311.13
13.92	311.13
13.93	0
13.94	0
13.95	0
13.96	0
13.97	0
13.98	0
13.99	0
14	0
14.01	0
14.02	0
14.03	0
14.04	0
14.05	0
14.06	0
14.07	0
14.08	0
14.09	0
14.1	0
14.11	0
14.12	0
14.13	207.65
14.14	207.65
14.15	207.65
14.16	207.65
14.17	207.65
14.18	207.65
14.19	207.65
14.2	207.65
14.21	207.65
14.22	207.65
14.23	207.65
14.24	207.65
14.25	207.65
14.26	207.65
14.27	207.65
14.28	0
14.29	0
14.3	0
14.31	0
14.32	0
14.33	0
14.34	0
14.35	0
14.36	0
14.37	0
14.38	0
14.39	0
14.4	0
14.41	207.65
14.42	207.65
14.43	207.65
14.44	207.65
14.45	207.65
14.46	207.65
14.47	207.65
14.48	207.65
14.49	0
14.5	0
14.51	0
14.52	0
14.53	0
14.54	0
14.55	0
14.56	207.65
14.57	207.65
14.58	207.65
14.59	207.65
14.6	207.65
14.61	207.65
14.62	207.65
14.63	207.65
14.64	207.65
14.65	207.65
14.66	207.65
14.67	207.65
14.68	207.65
14.69	0
14.7	0
14.71	0
14.72	0
14.73	0
14.74	0
14.75	0
14.76	0
14.77	0
14.78	0
14.79	0
14.8	0
14.81	207.65
14.82	207.65
14.83	207.65
14.84	207.65
14.85	207.65
14.86	207.65
14.87	207.65
14.88	207.65
14.89	207.65
14.9	207.65
14.91	207.65
14.92	207.65
14.93	207.65
14.94	207.65
14.95	207.65
14.96	0
14.97	0
14.98	0
14.99	0
15	0
15.01	233.08
15.02	233.08
15.03	233.08
15.04	233.08
15.05	233.08
15.06	233.08
15.07	233.08
15.08	233.08
15.09	233.08
15.1	233.08
15.11	233.08
15.12	233.08
15.13	233.08
15.14	233.08
15.15	233.08
15.16	233.08
15.17	233.08
15.18	233.08
15.19	233.08
15.2	233.08
15.21	233.08
15.22	233.08
15.23	233.08
15.24	233.08
15.25	233.08
15.26	233.08
15.27	233.08
15.28	0
15.29	0
15.3	0
15.31	261.63
15.32	261.63
15.33	261.63
15.34	261.63
15.35	261.63
15.36	261.63
15.37	261.63
15.38	261.63
15.39	261.63
15.4	261.63
15.41	261.63
15.42	261.63
15.43	261.63
15.44	261.63
15.45	261.63
15.46	261.63
15.47	261.63
15.48	261.63
15.49	261.63
15.5	261.63
15.51	261.63
15.52	261.63
15.53	261.63
15.54	261.63
15.55	261.63
15.56	261.63
15.57	261.63
15.58	261.63
15.59	261.63
15.6	261.63
15.61	261.63
15.62	261.63
15.63	261.63
15.64	261.63
15.65	261.63
15.66	261.63
15.67	261.63
15.68	261.63
15.69	261.63
15.7	261.63
15.71	261.63
15.72	261.63
15.73	261.63
15.74	261.63
15.75	261.63
15.76	261.63
15.77	261.63
15.78	261.63
15.79	261.63
15.8	261.63
15.81	261.63
15.82	261.63
15.83	261.63
15.84	261.63
15.85	261.63
15.86	261.63
15.87	261.63
15.88	261.63
15.89	261.63
15.9	261.63
15.91	261.63
15.92	261.63
15.93	261.63
15.94	261.63
15.95	261.63
15.96	261.63
15.97	261.63
15.98	261.63
15.99	261.63
16	261.63
16.01	261.63
16.02	0
16.03	0
16.04	0
16.05	0
16.06	0
16.07	0
16.08	0
16.09	0
16.1	0
16.11	0
16.12	0
16.13	0
16.14	0
16.15	0
16.16	207.65
16.17	207.65
16.18	207.65
16.19	207.65
16.2	207.65
16.21	207.65
16.22	207.65
16.23	207.65
16.24	207.65
16.25	207.65
16.26	207.65
16.27	0
16.28	0
16.29	0
16.3	0
16.31	261.63
16.32	261.63
16.33	261.63
16.34	261.63
16.35	261.63
16.36	261.63
16.37	261.63
16.38	261.63
16.39	261.63
16.4	261.63
16.41	261.63
16.42	261.63
16.43	261.63
16.44	261.63
16.45	261.63
16.46	0
16.47	0
16.48	0
16.49	0
16.5	0
16.51	0
16.52	0
16.53	261.63
16.54	261.63
16.55	261.63
16.56	261.63
16.57	261.63
16.58	261.63
16.59	261.63
16.6	261.63
16.61	261.63
16.62	261.63
16.63	261.63
16.64	261.63
16.65	261.63
16.66	261.63
16.67	261.63
16.68	0
16.69	0
16.7	0
16.71	0
16.72	0
16.73	0
16.74	0
16.75	0
16.76	261.63
16.77	261.63
16.78	261.63
16.79	261.63
16.8	261.63
16.81	261.63
16.82	261.63
16.83	261.63
16.84	261.63
16.85	261.63
16.86	261.63
16.87	261.63
16.88	261.63
16.89	261.63
16.9	261.63
16.91	261.63
16.92	261.63
16.93	261.63
16.94	261.63
16.95	261.63
16.96	261.63
16.97	261.63
16.98	233.08
16.99	233.08
17	233.08
17.01	233.08
17.02	233.08
17.03	233.08
17.04	233.08
17.05	233.08
17.06	233.08
17.07	233.08
17.08	233.08
17.09	233.08
17.1	233.08
17.11	207.65
17.12	207.65
17.13	207.65
17.14	207.65
17.15	207.65
17.16	207.65
17.17	207.65
17.18	207.65
17.19	207.65
17.2	207.65
17.21	207.65
17.22	207.65
17.23	207.65
17.24	207.65
17.25	207.65
17.26	207.65
17.27	207.65
17.28	207.65
17.29	207.65
17.3	207.65
17.31	207.65
17.32	207.65
17.33	207.65
17.34	207.65
17.35	207.65
17.36	207.65
17.37	207.65
17.38	207.65
17.39	207.65
17.4	207.65
17.41	207.65
17.42	207.65
17.43	207.65
17.44	207.65
17.45	207.65
17.46	207.65
17.47	207.65
17.48	207.65
17.49	207.65
17.5	207.65
17.51	207.65
17.52	207.65
17.53	0
17.54	0
17.55	0
17.56	0
17.57	0
17.58	0
17.59	0
17.6	0
17.61	0
17.62	0
17.63	0
17.64	0
17.65	0
17.66	0
17.67	0
17.68	0
17.69	0
17.7	311.13
17.71	311.13
17.72	311.13
17.73	311.13
17.74	311.13
17.75	311.13
17.76	311.13
17.77	311.13
17.78	311.13
17.79	311.13
17.8	311.13
17.81	311.13
17.82	311.13
17.83	311.13
17.84	311.13
17.85	311.13
17.86	311.13
17.87	311.13
17.88	311.13
17.89	311.13
17.9	0
17.91	0
17.92	0
17.93	0
17.94	0
17.95	0
17.96	0
17.97	0
17.98	0
17.99	0
18	311.13
18.01	311.13
18.02	311.13
18.03	311.13
18.04	311.13
18.05	311.13
18.06	311.13
18.07	311.13
18.08	311.13
18.09	311.13
18.1	311.13
18.11	311.13
18.12	311.13
18.13	311.13
18.14	311.13
18.15	311.13
18.16	311.13
18.17	311.13
18.18	0
18.19	0
18.2	0
18.21	0
18.22	0
18.23	0
18.24	0
18.25	0
18.26	311.13
18.27	311.13
18.28	311.13
18.29	311.13
18.3	311.13
18.31	311.13
18.32	311.13
18.33	311.13
18.34	0
18.35	0
18.36	0
18.37	0
18.38	0
18.39	0
18.4	0
18.41	311.13
18.42	311.13
18.43	311.13
18.44	311.13
18.45	311.13
18.46	311.13
18.47	311.13
18.48	311.13
18.49	311.13
18.5	311.13
18.51	311.13
18.52	311.13
18.53	311.13
18.54	311.13
18.55	311.13
18.56	311.13
18.57	311.13
18.58	311.13
18.59	311.13
18.6	311.13
18.61	311.13
18.62	311.13
18.63	311.13
18.64	311.13
18.65	311.13
18.66	0
18.67	0
18.68	0
18.69	0
18.7	261.63
18.71	261.63
18.72	261.63
18.73	261.63
18.74	261.63
18.75	261.63
18.76	261.63
18.77	261.63
18.78	261.63
18.79	261.63
18.8	261.63
18.81	261.63
18.82	261.63
18.83	261.63
18.84	261.63
18.85	261.63
18.86	261.63
18.87	261.63
18.88	261.63
18.89	261.63
18.9	261.63
18.91	261.63
18.92	0
18.93	0
18.94	0
18.95	0
18.96	0
18.97	0
18.98	0
18.99	233.08
19	233.08
19.01	233.08
19.02	233.08
19.03	233.08
19.04	233.08
19.05	233.08
19.06	233.08
19.07	233.08
19.08	233.08
19.09	233.08
19.1	233.08
19.11	233.08
19.12	233.08
19.13	233.08
19.14	233.08
19.15	233.08
19.16	233.08
19.17	233.08
19.18	233.08
19.19	233.08
19.2	233.08
19.21	0
19.22	0
19.23	0
19.24	0
19.25	0
19.26	207.65
19.27	207.65
19.28	207.65
19.29	207.65
19.3	207.65
19.31	207.65
19.32	207.65
19.33	207.65
19.34	207.65
19.35	207.65
19.36	207.65
19.37	207.65
19.38	207.65
19.39	207.65
19.4	207.65
19.41	207.65
19.42	207.65
19.43	0
19.44	0
19.45	0
19.46	0
19.47	0
19.48	0
19.49	0
19.5	0
19.51	0
19.52	0
19.53	0
19.54	174.61
19.55	174.61
19.56	174.61
19.57	174.61
19.58	174.61
19.59	174.61
19.6	174.61
19.61	174.61
19.62	174.61
19.63	174.61
19.64	174.61
19.65	174.61
19.66	174.61
19.67	174.61
19.68	174.61
19.69	174.61
19.7	174.61
19.71	174.61
19.72	174.61
19.73	174.61
19.74	174.61
19.75	174.61
19.76	174.61
19.77	174.61
19.78	174.61
19.79	174.61
19.8	174.61
19.81	174.61
19.82	174.61
19.83	174.61
19.84	174.61
19.85	174.61
19.86	174.61
19.87	174.61
19.88	174.61
19.89	174.61
19.9	174.61
19.91	174.61
19.92	174.61
19.93	174.61
19.94	174.61
19.95	174.61
19.96	174.61
19.97	174.61
19.98	174.61
19.99	174.61
20	174.61
20.01	174.61
20.02	174.61
20.03	174.61
20.04	174.61
20.05	174.61
20.06	174.61
20.07	174.61
20.08	174.61
20.09	174.61
20.1	174.61
20.11	174.61
20.12	174.61
20.13	174.61
20.14	174.61
20.15	174.61
20.16	174.61
20.17	174.61
20.18	174.61
20.19	174.61
20.2	174.61
20.21	174.61
20.22	174.61
20.23	174.61
20.24	174.61
20.25	174.61
20.26	174.61
20.27	174.61
20.28	174.61
20.29	174.61
20.3	174.61
20.31	174.61
20.32	174.61
20.33	174.61
20.34	174.61
20.35	174.61
20.36	174.61
20.37	174.61
20.38	174.61
20.39	174.61
20.4	174.61
20.41	174.61
20.42	174.61
20.43	174.61
20.44	174.61
20.45	174.61
20.46	174.61
20.47	174.61
20.48	174.61
20.49	174.61
20.5	174.61
20.51	174.61
20.52	174.61
20.53	174.61
20.54	174.61
20.55	174.61
20.56	174.61
20.57	174.61
20.58	174.61
20.59	174.61
20.6	0
20.61	0
20.62	0
20.63	0
20.64	0
20.65	0
20.66	0
20.67	0
20.68	0
20.69	0
20.7	0
20.71	0
20.72	0
20.73	0
20.74	0
20.75	0
20.76	0
20.77	0
20.78	0
20.79	0
20.8	0
20.81	0
20.82	0
20.83	0
20.84	0
20.85	0
20.86	0
20.87	0
20.88	0
20.89	0
20.9	0
20.91	0
20.92	0
20.93	0
20.94	0
20.95	0
20.96	0
20.97	0
20.98	0
20.99	0
21	0
21.01	0
21.02	0
21.03	0
21.04	0
21.05	0
21.06	0
21.07	0
21.08	0
21.09	0
21.1	0
21.11	0
21.12	0
21.13	0
21.14	0
21.15	0
21.16	0
21.17	0
21.18	0
21.19	0
21.2	0
21.21	0
21.22	0
21.23	0
21.24	0
21.25	0
21.26	0
21.27	0
21.28	0
21.29	0
21.3	0
21.31	0
21.32	0
21.33	0
21.34	0
21.35	0
21.36	0
21.37	0
21.38	0
21.39	0
21.4	0
21.41	0
21.42	0
21.43	0
21.44	0
21.45	0
21.46	0
21.47	0
21.48	0
21.49	0
21.5	0
21.51	0
21.52	0
21.53	0
21.54	0
21.55	0
21.56	0
21.57	0
21.58	0
21.59	0
21.6	0
21.61	0
21.62	0
21.63	0
21.64	0
21.65	0
21.66	0
21.67	0
21.68	0
21.69	0
21.7	0
21.71	0
21.72	0
21.73	0
21.74	0
21.75	0
21.76	0
21.77	0
21.78	0
21.79	0
21.8	0
21.81	0
21.82	0
21.83	0
21.84	0
21.85	0
21.86	0
21.87	0
21.88	0
21.89	0
21.9	0
21.91	0
21.92	0
21.93	0
21.94	0
21.95	0
21.96	0
21.97	0
21.98	0
21.99	0
22	0
22.01	0
22.02	0
22.03	0
22.04	0
22.05	0
22.06	0
22.07	0
22.08	0
22.09	0
22.1	0
22.11	0
22.12	311.13
22.13	311.13
22.14	311.13
22.15	311.13
22.16	311.13
22.17	311.13
22.18	311.13
22.19	311.13
22.2	311.13
22.21	311.13
22.22	311.13
22.23	311.13
22.24	311.13
22.25	311.13
22.26	311.13
22.27	311.13
22.28	311.13
22.29	0
22.3	0
22.31	0
22.32	0
22.33	0
22.34	0
22.35	0
22.36	0
22.37	0
22.38	0
22.39	0
22.4	0
22.41	311.13
22.42	311.13
22.43	311.13
22.44	311.13
22.45	311.13
22.46	311.13
22.47	311.13
22.48	311.13
22.49	311.13
22.5	311.13
22.51	311.13
22.52	311.13
22.53	311.13
22.54	311.13
22.55	311.13
22.56	311.13
22.57	311.13
22.58	311.13
22.59	0
22.6	0
22.61	0
22.62	0
22.63	0
22.64	0
22.65	0
22.66	0
22.67	0
22.68	0
22.69	311.13
22.7	311.13
22.71	311.13
22.72	311.13
22.73	311.13
22.74	311.13
22.75	311.13
22.76	311.13
22.77	311.13
22.78	311.13
22.79	311.13
22.8	311.13
22.81	311.13
22.82	311.13
22.83	0
22.84	0
22.85	0
22.86	0
22.87	0
22.88	0
22.89	0
22.9	0
22.91	0
22.92	0
22.93	0
22.94	0
22.95	0
22.96	311.13
22.97	311.13
22.98	311.13
22.99	311.13
23	311.13
23.01	311.13
23.02	311.13
23.03	311.13
23.04	311.13
23.05	311.13
23.06	311.13
23.07	311.13
23.08	311.13
23.09	311.13
23.1	311.13
23.11	311.13
23.12	261.63
23.13	261.63
23.14	261.63
23.15	261.63
23.16	261.63
23.17	261.63
23.18	261.63
23.19	261.63
23.2	261.63
23.21	261.63
23.22	261.63
23.23	261.63
23.24	261.63
23.25	261.63
23.26	261.63
23.27	261.63
23.28	261.63
23.29	261.63
23.3	261.63
23.31	261.63
23.32	261.63
23.33	261.63
23.34	261.63
23.35	0
23.36	0
23.37	0
23.38	233.08
23.39	233.08
23.4	233.08
23.41	233.08
23.42	233.08
23.43	233.08
23.44	233.08
23.45	233.08
23.46	233.08
23.47	233.08
23.48	233.08
23.49	233.08
23.5	233.08
23.51	233.08
23.52	233.08
23.53	233.08
23.54	233.08
23.55	233.08
23.56	233.08
23.57	233.08
23.58	0
23.59	0
23.6	0
23.61	0
23.62	0
23.63	0
23.64	0
23.65	0
23.66	261.63
23.67	261.63
23.68	261.63
23.69	261.63
23.7	261.63
23.71	261.63
23.72	261.63
23.73	261.63
23.74	261.63
23.75	261.63
23.76	261.63
23.77	261.63
23.78	261.63
23.79	261.63
23.8	261.63
23.81	261.63
23.82	261.63
23.83	261.63
23.84	261.63
23.85	0
23.86	0
23.87	0
23.88	0
23.89	0
23.9	0
23.91	0
23.92	207.65
23.93	207.65
23.94	207.65
23.95	207.65
23.96	207.65
23.97	207.65
23.98	207.65
23.99	207.65
24	207.65
24.01	207.65
24.02	207.65
24.03	207.65
24.04	207.65
24.05	207.65
24.06	207.65
24.07	207.65
24.08	207.65
24.09	207.65
24.1	207.65
24.11	207.65
24.12	207.65
24.13	207.65
24.14	207.65
24.15	207.65
24.16	207.65
24.17	207.65
24.18	207.65
24.19	207.65
24.2	207.65
24.21	207.65
24.22	207.65
24.23	207.65
24.24	207.65
24.25	207.65
24.26	207.65
24.27	207.65
24.28	207.65
24.29	207.65
24.3	207.65
24.31	207.65
24.32	207.65
24.33	207.65
24.34	207.65
24.35	207.65
24.36	207.65
24.37	207.65
24.38	207.65
24.39	207.65
24.4	207.65
24.41	207.65
24.42	207.65
24.43	207.65
24.44	207.65
24.45	207.65
24.46	207.65
24.47	207.65
24.48	207.65
24.49	207.65
24.5	207.65
24.51	207.65
24.52	207.65
24.53	207.65
24.54	207.65
24.55	207.65
24.56	207.65
24.57	207.65
24.58	207.65
24.59	207.65
24.6	207.65
24.61	207.65
24.62	207.65
24.63	207.65
24.64	0
24.65	0
24.66	0
24.67	0
24.68	0
24.69	0
24.7	0
24.71	0
24.72	0
24.73	0
24.74	0
24.75	0
24.76	0
24.77	0
24.78	0
24.79	0
24.8	0
24.81	0
24.82	0
24.83	0
24.84	207.65
24.85	207.65
24.86	207.65
24.87	207.65
24.88	207.65
24.89	207.65
24.9	207.65
24.91	207.65
24.92	207.65
24.93	207.65
24.94	0
24.95	0
24.96	0
24.97	0
24.98	261.63
24.99	261.63
25	261.63
25.01	261.63
25.02	261.63
25.03	261.63
25.04	261.63
25.05	261.63
25.06	261.63
25.07	261.63
25.08	261.63
25.09	261.63
25.1	261.63
25.11	261.63
25.12	261.63
25.13	261.63
25.14	261.63
25.15	261.63
25.16	261.63
25.17	261.63
25.18	261.63
25.19	261.63
25.2	261.63
25.21	261.63
25.22	261.63
25.23	261.63
25.24	261.63
25.25	261.63
25.26	261.63
25.27	261.63
25.28	261.63
25.29	261.63
25.3	261.63
25.31	0
25.32	0
25.33	0
25.34	0
25.35	0
25.36	0
25.37	0
25.38	0
25.39	0
25.4	0
25.41	233.08
25.42	233.08
25.43	233.08
25.44	233.08
25.45	233.08
25.46	233.08
25.47	233.08
25.48	233.08
25.49	233.08
25.5	233.08
25.51	233.08
25.52	233.08
25.53	233.08
25.54	233.08
25.55	233.08
25.56	233.08
25.57	233.08
25.58	233.08
25.59	233.08
25.6	233.08
25.61	233.08
25.62	233.08
25.63	233.08
25.64	0
25.65	0
25.66	0
25.67	0
25.68	0
25.69	0
25.7	0
25.71	0
25.72	0
25.73	0
25.74	207.65
25.75	207.65
25.76	207.65
25.77	207.65
25.78	207.65
25.79	207.65
25.8	207.65
25.81	207.65
25.82	207.65
25.83	207.65
25.84	207.65
25.85	207.65
25.86	207.65
25.87	207.65
25.88	207.65
25.89	207.65
25.9	207.65
25.91	207.65
25.92	207.65
25.93	207.65
25.94	207.65
25.95	207.65
25.96	207.65
25.97	207.65
25.98	0
25.99	0
26	0
26.01	0
26.02	0
26.03	0
26.04	0
26.05	0
26.06	0
26.07	0
26.08	0
26.09	0
26.1	0
26.11	0
26.12	0
26.13	207.65
26.14	207.65
26.15	207.65
26.16	207.65
26.17	207.65
26.18	207.65
26.19	207.65
26.2	207.65
26.21	207.65
26.22	207.65
26.23	207.65
26.24	207.65
26.25	207.65
26.26	207.65
26.27	207.65
26.28	207.65
26.29	207.65
26.3	207.65
26.31	207.65
26.32	207.65
26.33	207.65
26.34	207.65
26.35	207.65
26.36	207.65
26.37	207.65
26.38	207.65
26.39	207.65
26.4	207.65
26.41	207.65
26.42	207.65
26.43	207.65
26.44	207.65
26.45	207.65
26.46	207.65
26.47	207.65
26.48	207.65
26.49	207.65
26.5	207.65
26.51	207.65
26.52	207.65
26.53	207.65
26.54	207.65
26.55	207.65
26.56	207.65
26.57	207.65
26.58	207.65
26.59	207.65
26.6	207.65
26.61	207.65
26.62	207.65
26.63	207.65
26.64	207.65
26.65	207.65
26.66	207.65
26.67	207.65
26.68	207.65
26.69	207.65
26.7	207.65
26.71	207.65
26.72	207.65
26.73	207.65
26.74	207.65
26.75	207.65
26.76	207.65
26.77	207.65
26.78	207.65
26.79	207.65
26.8	207.65
26.81	207.65
26.82	207.65
26.83	207.65
26.84	207.65
26.85	207.65
26.86	207.65
26.87	207.65
26.88	207.65
26.89	207.65
26.9	207.65
26.91	207.65
26.92	207.65
26.93	207.65
26.94	207.65
26.95	207.65
26.96	207.65
26.97	207.65
26.98	207.65
26.99	207.65
27	207.65
27.01	207.65
27.02	207.65
27.03	207.65
27.04	207.65
27.05	207.65
27.06	207.65
27.07	207.65
27.08	207.65
27.09	207.65
27.1	207.65
27.11	207.65
27.12	207.65
27.13	207.65
27.14	207.65
27.15	207.65
27.16	207.65
27.17	207.65
27.18	207.65
27.19	207.65
27.2	207.65
27.21	207.65
27.22	207.65
27.23	207.65
27.24	207.65
27.25	207.65
27.26	207.65
27.27	207.65
27.28	207.65
27.29	207.65
27.3	207.65
27.31	207.65
27.32	207.65
27.33	207.65
27.34	207.65
27.35	207.65
27.36	207.65
27.37	207.65
27.38	207.65
27.39	207.65
27.4	207.65
27.41	207.65
27.42	207.65
27.43	207.65
27.44	207.65
27.45	207.65
27.46	207.65
27.47	207.65
27.48	207.65
27.49	207.65
27.5	207.65
27.51	207.65
27.52	207.65
27.53	207.65
27.54	207.65
27.55	207.65
27.56	207.65
27.57	207.65
27.58	207.65
27.59	207.65
27.6	207.65
27.61	207.65
27.62	207.65
27.63	207.65
27.64	207.65
27.65	207.65
27.66	207.65
27.67	207.65
27.68	207.65
27.69	207.65
27.7	207.65
27.71	207.65
27.72	207.65
27.73	207.65
27.74	207.65
27.75	207.65
27.76	207.65
27.77	207.65
27.78	207.65
27.79	207.65
27.8	207.65
27.81	207.65
27.82	207.65
27.83	207.65
27.84	207.65
27.85	207.65
27.86	207.65
27.87	207.65
27.88	207.65
27.89	207.65
27.9	207.65
27.91	207.65
27.92	207.65
27.93	207.65
27.94	207.65
27.95	207.65
27.96	207.65
27.97	207.65
27.98	207.65
27.99	207.65
