0	0
0.01	0
0.02	0
0.03	0
0.04	0
0.05	0
0.06	0
0.07	0
0.08	0
0.09	0
0.1	0
0.11	0
0.12	0
0.13	0
0.14	0
0.15	0
0.16	0
0.17	0
0.18	0
0.19	0
0.2	0
0.21	0
0.22	0
0.23	0
0.24	0
0.25	0
0.26	0
0.27	0
0.28	0
0.29	0
0.3	0
0.31	0
0.32	0
0.33	0
0.34	0
0.35	0
0.36	0
0.37	0
0.38	0
0.39	0
0.4	0
0.41	0
0.42	0
0.43	0
0.44	0
0.45	0
0.46	0
0.47	0
0.48	0
0.49	0
0.5	0
0.51	0
0.52	0
0.53	0
0.54	0
0.55	0
0.56	0
0.57	0
0.58	0
0.59	0
0.6	0
0.61	258.8
0.62	258.69
0.63	256.05
0.64	255.16
0.65	255.66
0.66	254.88
0.67	254.78
0.68	254.9
0.69	257.51
0.7	258.86
0.71	263.68
0.72	268.32
0.73	273
0.74	277.15
0.75	280.55
0.76	284.49
0.77	286.53
0.78	288.59
0.79	289.42
0.8	289.16
0.81	286.39
0.82	282.9
0.83	274.67
0.84	264.19
0.85	258.32
0.86	244.67
0.87	235.54
0.88	229.34
0.89	235.37
0.9	234.55
0.91	241.47
0.92	244.73
0.93	249.54
0.94	252.21
0.95	248.19
0.96	248.46
0.97	249.05
0.98	248.81
0.99	249.6
1	250.65
1.01	251.72
1.02	251.95
1.03	252.81
1.04	255.57
1.05	256.13
1.06	256.94
1.07	258.79
1.08	259.29
1.09	260.51
1.1	258.99
1.11	248.87
1.12	226.08
1.13	222
1.14	0
1.15	0
1.16	0
1.17	0
1.18	0
1.19	0
1.2	0
1.21	0
1.22	0
1.23	0
1.24	0
1.25	0
1.26	0
1.27	0
1.28	0
1.29	0
1.3	242.24
1.31	234.7
1.32	240.52
1.33	242.87
1.34	243.39
1.35	243.44
1.36	241.38
1.37	240.87
1.38	237.48
1.39	238.83
1.4	241.16
1.41	242.65
1.42	245.37
1.43	248.8
1.44	252.16
1.45	255.43
1.46	258.61
1.47	261.92
1.48	264.81
1.49	265.28
1.5	267.15
1.51	267.78
1.52	267.61
1.53	267.5
1.54	267.28
1.55	267.28
1.56	267.87
1.57	266.95
1.58	266.32
1.59	266.18
1.6	266.63
1.61	265.31
1.62	265.17
1.63	265.11
1.64	264.6
1.65	264.28
1.66	263.7
1.67	264.1
1.68	263.79
1.69	263.25
1.7	261.99
1.71	262.95
1.72	263.59
1.73	263.43
1.74	263.92
1.75	263.15
1.76	263.06
1.77	262.97
1.78	261.75
1.79	262.07
1.8	261.16
1.81	260.54
1.82	260.54
1.83	260.98
1.84	260.57
1.85	262.86
1.86	263.2
1.87	265.15
1.88	264.86
1.89	265.19
1.9	265.52
1.91	264.54
1.92	264.5
1.93	264.71
1.94	263.94
1.95	263.62
1.96	264.47
1.97	263.34
1.98	264.31
1.99	264.48
2	263.64
2.01	263.85
2.02	263.65
2.03	263.87
2.04	263.22
2.05	264.09
2.06	263.82
2.07	263.36
2.08	263.12
2.09	262.09
2.1	260.05
2.11	257.81
2.12	252.12
2.13	245.55
2.14	237.16
2.15	229.51
2.16	222.87
2.17	219.65
2.18	215.76
2.19	212.97
2.2	212.85
2.21	214.72
2.22	216.25
2.23	219.51
2.24	220.93
2.25	221.13
2.26	219.82
2.27	216.01
2.28	212.03
2.29	208.3
2.3	202.6
2.31	198.41
2.32	193.63
2.33	189.58
2.34	185.38
2.35	183.16
2.36	181.25
2.37	178.4
2.38	175.83
2.39	175.64
2.4	174.31
2.41	174.82
2.42	174.69
2.43	174.82
2.44	174.42
2.45	175.23
2.46	174.59
2.47	176.5
2.48	175.81
2.49	175.56
2.5	176.3
2.51	175.19
2.52	175.46
2.53	175.16
2.54	174.2
2.55	173.85
2.56	172.79
2.57	169.19
2.58	174.67
2.59	174.75
2.6	173.91
2.61	173.98
2.62	174.91
2.63	175.26
2.64	175.89
2.65	177.3
2.66	178.14
2.67	182.96
2.68	184.41
2.69	176.04
2.7	176.57
2.71	176.47
2.72	176.36
2.73	174.66
2.74	173.62
2.75	174.12
2.76	172.79
2.77	173.83
2.78	174.59
2.79	174.94
2.8	177.77
2.81	180.04
2.82	183.32
2.83	185.09
2.84	186.27
2.85	187.92
2.86	190.26
2.87	191.65
2.88	192.91
2.89	192.9
2.9	192.91
2.91	193.7
2.92	193.96
2.93	194.43
2.94	193.82
2.95	193.86
2.96	193.53
2.97	193.53
2.98	194.37
2.99	195.01
3	194.21
3.01	194.27
3.02	194.56
3.03	195.32
3.04	195.68
3.05	195.67
3.06	195.57
3.07	195.63
3.08	195.31
3.09	195.63
3.1	196.48
3.11	196.14
3.12	196.41
3.13	196.47
3.14	198.19
3.15	197.14
3.16	196.21
3.17	196.35
3.18	196.27
3.19	197.12
3.2	196.98
3.21	197.19
3.22	197.24
3.23	196.52
3.24	196.23
3.25	196.38
3.26	196.32
3.27	196.93
3.28	197.32
3.29	197.2
3.3	196.47
3.31	196.12
3.32	196.1
3.33	196.85
3.34	196.46
3.35	196.89
3.36	197.43
3.37	197.04
3.38	197.52
3.39	197.07
3.4	197.58
3.41	197.95
3.42	198.39
3.43	198.65
3.44	198.68
3.45	198.76
3.46	199.71
3.47	199.89
3.48	200.15
3.49	200.42
3.5	200.45
3.51	199.12
3.52	198.89
3.53	199.31
3.54	198.95
3.55	199.21
3.56	198.91
3.57	199.28
3.58	199.43
3.59	199.52
3.6	199.65
3.61	198.78
3.62	198.87
3.63	198.56
3.64	198.32
3.65	198.42
3.66	197.92
3.67	198.36
3.68	198.43
3.69	198.15
3.7	199.23
3.71	198.59
3.72	198.25
3.73	198.26
3.74	198.81
3.75	198.31
3.76	198.14
3.77	197.51
3.78	198.09
3.79	197.11
3.8	197.69
3.81	197.7
3.82	198.1
3.83	198.27
3.84	198.55
3.85	198.39
3.86	199.33
3.87	199.81
3.88	199.53
3.89	199.7
3.9	200.3
3.91	200.52
3.92	199.69
3.93	198.74
3.94	196.84
3.95	195.43
3.96	194.05
3.97	192.97
3.98	191.96
3.99	192.31
4	191.8
4.01	192.53
4.02	192.67
4.03	194.55
4.04	195.95
4.05	198.86
4.06	202.5
4.07	205.94
4.08	209.48
4.09	213.15
4.1	214.72
4.11	216.61
4.12	217.99
4.13	220.72
4.14	221.29
4.15	221.75
4.16	220.48
4.17	221.02
4.18	221.93
4.19	220.96
4.2	219.95
4.21	220.3
4.22	221.56
4.23	221
4.24	221.83
4.25	222.57
4.26	221.62
4.27	221.05
4.28	220.47
4.29	218.92
4.3	216.13
4.31	209.12
4.32	194.66
4.33	186.84
4.34	178.31
4.35	174.43
4.36	166.45
4.37	164.38
4.38	163.89
4.39	166.74
4.4	168.35
4.41	170.47
4.42	170.48
4.43	170.88
4.44	171.45
4.45	172.66
4.46	173.24
4.47	173.69
4.48	173.35
4.49	173.5
4.5	172.91
4.51	173.65
4.52	173.45
4.53	174.08
4.54	174.66
4.55	173.99
4.56	173.96
4.57	174.13
4.58	174.3
4.59	174.69
4.6	174.97
4.61	175.97
4.62	175.52
4.63	175.27
4.64	175.35
4.65	175.62
4.66	176.09
4.67	176.16
4.68	174.78
4.69	174.11
4.7	174.15
4.71	173.65
4.72	173.82
4.73	172.87
4.74	173.12
4.75	173.99
4.76	172.94
4.77	173.83
4.78	174
4.79	174.6
4.8	175.45
4.81	175.31
4.82	175.34
4.83	175.04
4.84	176.12
4.85	175.37
4.86	174.65
4.87	174.54
4.88	174.02
4.89	174.47
4.9	172.43
4.91	173.64
4.92	174.37
4.93	173.68
4.94	173.2
4.95	172.51
4.96	171.22
4.97	170.38
4.98	168.2
4.99	165.54
5	163.9
5.01	163.03
5.02	156.35
5.03	0
5.04	0
5.05	0
5.06	0
5.07	0
5.08	0
5.09	0
5.1	0
5.11	0
5.12	0
5.13	0
5.14	0
5.15	0
5.16	0
5.17	0
5.18	0
5.19	0
5.2	0
5.21	0
5.22	0
5.23	0
5.24	0
5.25	0
5.26	0
5.27	0
5.28	0
5.29	0
5.3	0
5.31	0
5.32	0
5.33	0
5.34	0
5.35	0
5.36	0
5.37	0
5.38	0
5.39	0
5.4	0
5.41	0
5.42	0
5.43	0
5.44	0
5.45	0
5.46	0
5.47	0
5.48	0
5.49	0
5.5	0
5.51	0
5.52	0
5.53	0
5.54	0
5.55	0
5.56	0
5.57	0
5.58	0
5.59	0
5.6	0
5.61	0
5.62	0
5.63	0
5.64	0
5.65	0
5.66	0
5.67	0
5.68	0
5.69	0
5.7	0
5.71	0
5.72	0
5.73	0
5.74	0
5.75	0
5.76	0
5.77	0
5.78	0
5.79	0
5.8	0
5.81	0
5.82	0
5.83	0
5.84	0
5.85	0
5.86	0
5.87	0
5.88	0
5.89	0
5.9	0
5.91	0
5.92	0
5.93	0
5.94	0
5.95	0
5.96	0
5.97	0
5.98	0
5.99	0
6	256.4
6.01	257.66
6.02	257.77
6.03	263.64
6.04	264.78
6.05	267.74
6.06	270.99
6.07	274.5
6.08	275.27
6.09	276.2
6.1	277.67
6.11	279.83
6.12	282.57
6.13	285.49
6.14	289.32
6.15	291.74
6.16	293.68
6.17	295.35
6.18	295.49
6.19	294.21
6.2	294.34
6.21	293.85
6.22	293.25
6.23	293.09
6.24	291.57
6.25	284.94
6.26	249.14
6.27	0
6.28	0
6.29	0
6.3	0
6.31	0
6.32	0
6.33	0
6.34	0
6.35	0
6.36	264.4
6.37	259.9
6.38	261.15
6.39	263.52
6.4	265.81
6.41	267.72
6.42	268.39
6.43	268.43
6.44	268.53
6.45	269.08
6.46	268.91
6.47	269.73
6.48	269.03
6.49	268.66
6.5	267.27
6.51	266.59
6.52	266.28
6.53	266.12
6.54	264.14
6.55	262.36
6.56	259.24
6.57	257.24
6.58	259.19
6.59	259.75
6.6	260.35
6.61	261.57
6.62	263.33
6.63	264.91
6.64	264.43
6.65	233.34
6.66	215.38
6.67	0
6.68	0
6.69	0
6.7	0
6.71	234.02
6.72	237.61
6.73	243.52
6.74	246.62
6.75	244.57
6.76	240.14
6.77	237.22
6.78	234.18
6.79	233.05
6.8	229.83
6.81	230.86
6.82	232.6
6.83	233.28
6.84	235.83
6.85	238.69
6.86	242.39
6.87	244.95
6.88	248.39
6.89	250.06
6.9	252.61
6.91	252.89
6.92	253.55
6.93	255.34
6.94	256.2
6.95	257.6
6.96	256.79
6.97	256.93
6.98	257.53
6.99	258.97
7	257.54
7.01	257.71
7.02	256.7
7.03	257.77
7.04	258.59
7.05	258.39
7.06	258.53
7.07	258.78
7.08	258.4
7.09	258.96
7.1	259.64
7.11	258.93
7.12	257.97
7.13	257.44
7.14	257.24
7.15	258.33
7.16	259.03
7.17	258.68
7.18	258.74
7.19	258.58
7.2	259.08
7.21	259.11
7.22	258.85
7.23	257.97
7.24	258.37
7.25	258.93
7.26	259.97
7.27	260.76
7.28	260.6
7.29	259.41
7.3	259.74
7.31	259.97
7.32	260.23
7.33	260.66
7.34	260.21
7.35	260.48
7.36	259.61
7.37	260.72
7.38	260.4
7.39	261.43
7.4	262
7.41	262.82
7.42	262.58
7.43	262.91
7.44	264.27
7.45	264.36
7.46	263.84
7.47	263.26
7.48	260.4
7.49	258.81
7.5	252.31
7.51	245.8
7.52	235.47
7.53	227.67
7.54	219.09
7.55	212.58
7.56	208.48
7.57	208.26
7.58	207.8
7.59	209.3
7.6	210.81
7.61	211.65
7.62	214.23
7.63	214.4
7.64	214.19
7.65	212.68
7.66	209.56
7.67	204.22
7.68	200.71
7.69	195.62
7.7	190.49
7.71	183.77
7.72	177.6
7.73	173.41
7.74	173.51
7.75	174.25
7.76	175.05
7.77	175.02
7.78	174.29
7.79	172.6
7.8	171.5
7.81	172.82
7.82	171.88
7.83	172
7.84	170.65
7.85	170.49
7.86	170.08
7.87	170.74
7.88	170.39
7.89	169.61
7.9	168.52
7.91	167.86
7.92	167.28
7.93	167.24
7.94	166.54
7.95	166.16
7.96	165.87
7.97	166.57
7.98	165.6
7.99	165.28
8	165.4
8.01	164.01
8.02	163.5
8.03	162.89
8.04	162.94
8.05	161.05
8.06	161.22
8.07	162.21
8.08	162.86
8.09	162.59
8.1	164.27
8.11	166.02
8.12	166.47
8.13	167.39
8.14	169.52
8.15	171.12
8.16	171.06
8.17	173.61
8.18	175.32
8.19	177.1
8.2	180.09
8.21	182.33
8.22	183.42
8.23	185.15
8.24	188.38
8.25	189.02
8.26	190.55
8.27	190.68
8.28	190.45
8.29	191.62
8.3	192.97
8.31	194.15
8.32	194.67
8.33	194.5
8.34	195.5
8.35	196.42
8.36	195.9
8.37	197.49
8.38	196.12
8.39	197.56
8.4	197.52
8.41	196.23
8.42	195.88
8.43	194.67
8.44	194.04
8.45	193.15
8.46	193.26
8.47	192.97
8.48	192.95
8.49	192.18
8.5	192.27
8.51	193.05
8.52	193.61
8.53	195.05
8.54	193.26
8.55	193.49
8.56	192.28
8.57	192.5
8.58	192.67
8.59	191.54
8.6	191.76
8.61	192.49
8.62	193.49
8.63	192.76
8.64	193.13
8.65	193.38
8.66	193.5
8.67	194.35
8.68	194.98
8.69	196
8.7	195.73
8.71	195.48
8.72	195.4
8.73	195.2
8.74	195.08
8.75	194.44
8.76	193.15
8.77	188.26
8.78	178.92
8.79	172.39
8.8	0
8.81	0
8.82	0
8.83	0
8.84	0
8.85	166.7
8.86	168.01
8.87	168.92
8.88	172.24
8.89	172.17
8.9	171.1
8.91	173.22
8.92	176.62
8.93	180.44
8.94	185.28
8.95	187.97
8.96	193.16
8.97	198.41
8.98	204.42
8.99	209.38
9	214.32
9.01	218.28
9.02	219.63
9.03	221.03
9.04	221
9.05	221.25
9.06	219.54
9.07	216.93
9.08	213.51
9.09	210.37
9.1	206.67
9.11	205.08
9.12	203.01
9.13	200.74
9.14	199.5
9.15	197.79
9.16	197.67
9.17	196.94
9.18	197.16
9.19	197.15
9.2	197.19
9.21	197.41
9.22	198.42
9.23	199.49
9.24	200.68
9.25	200.2
9.26	199.45
9.27	198.46
9.28	197.28
9.29	194.51
9.3	193.11
9.31	189.01
9.32	178.56
9.33	167.71
9.34	158.71
9.35	154.23
9.36	147.8
9.37	148.38
9.38	146.12
9.39	144.63
9.4	148.73
9.41	159.03
9.42	159.58
9.43	162.55
9.44	163.27
9.45	163.6
9.46	166.4
9.47	167.98
9.48	170.37
9.49	171.23
9.5	172.71
9.51	171.86
9.52	171.22
9.53	171.43
9.54	170.72
9.55	171.24
9.56	170.4
9.57	170.2
9.58	170.39
9.59	171.17
9.6	170.86
9.61	171.71
9.62	172.62
9.63	172.97
9.64	173.06
9.65	172.96
9.66	173.41
9.67	173.7
9.68	173.95
9.69	174.77
9.7	174.92
9.71	174.8
9.72	175.52
9.73	175.9
9.74	175.8
9.75	175.24
9.76	175.59
9.77	176.14
9.78	177.2
9.79	177.11
9.8	176.6
9.81	176.5
9.82	176.32
9.83	175.78
9.84	176.61
9.85	175.79
9.86	175.63
9.87	176.26
9.88	177.71
9.89	178.55
9.9	178.67
9.91	178.44
9.92	179.05
9.93	179.36
9.94	180.68
9.95	180.65
9.96	180.92
9.97	181.03
9.98	180.73
9.99	180.83
10	179.44
10.01	178.02
10.02	176.25
10.03	174.33
10.04	173.38
10.05	172.86
10.06	171.39
10.07	170.36
10.08	170.68
10.09	172.47
10.1	171.86
10.11	170.42
10.12	169.55
10.13	169.83
10.14	0
10.15	0
10.16	0
10.17	0
10.18	0
10.19	0
10.2	0
10.21	0
10.22	0
10.23	0
10.24	0
10.25	0
10.26	0
10.27	0
10.28	0
10.29	0
10.3	0
10.31	0
10.32	0
10.33	0
10.34	0
10.35	0
10.36	0
10.37	0
10.38	0
10.39	0
10.4	0
10.41	0
10.42	0
10.43	0
10.44	0
10.45	0
10.46	0
10.47	0
10.48	0
10.49	0
10.5	0
10.51	0
10.52	0
10.53	0
10.54	0
10.55	0
10.56	0
10.57	0
10.58	0
10.59	0
10.6	0
10.61	0
10.62	0
10.63	0
10.64	0
10.65	0
10.66	0
10.67	0
10.68	0
10.69	0
10.7	0
10.71	0
10.72	0
10.73	0
10.74	0
10.75	0
10.76	0
10.77	0
10.78	0
10.79	0
10.8	0
10.81	0
10.82	0
10.83	0
10.84	0
10.85	0
10.86	0
10.87	0
10.88	0
10.89	0
10.9	0
10.91	0
10.92	0
10.93	0
10.94	0
10.95	0
10.96	0
10.97	0
10.98	0
10.99	0
11	0
11.01	0
11.02	0
11.03	0
11.04	0
11.05	0
11.06	0
11.07	0
11.08	0
11.09	0
11.1	0
11.11	0
11.12	0
11.13	0
11.14	0
11.15	0
11.16	0
11.17	0
11.18	0
11.19	0
11.2	0
11.21	0
11.22	0
11.23	0
11.24	0
11.25	0
11.26	0
11.27	0
11.28	0
11.29	0
11.3	0
11.31	0
11.32	0
11.33	0
11.34	0
11.35	0
11.36	0
11.37	0
11.38	0
11.39	0
11.4	0
11.41	0
11.42	146.86
11.43	149.53
11.44	148.47
11.45	150.45
11.46	152.69
11.47	155.39
11.48	159.68
11.49	159.36
11.5	160.44
11.51	177.45
11.52	193.5
11.53	212.93
11.54	229.99
11.55	244.07
11.56	252.75
11.57	263.56
11.58	266.68
11.59	272.05
11.6	275.49
11.61	278.14
11.62	279.48
11.63	282.3
11.64	283.75
11.65	282.82
11.66	283.39
11.67	282.89
11.68	281.22
11.69	278.95
11.7	278.01
11.71	276.2
11.72	275.9
11.73	276.13
11.74	277.18
11.75	278.86
11.76	278.42
11.77	277.87
11.78	276.02
11.79	241.07
11.8	226.29
11.81	220.3
11.82	222.2
11.83	236.33
11.84	253.9
11.85	267.34
11.86	273.31
11.87	272.71
11.88	272.46
11.89	269.15
11.9	269.68
11.91	268.05
11.92	267.29
11.93	265.67
11.94	262.76
11.95	264.45
11.96	262.81
11.97	264.86
11.98	266.52
11.99	266.93
12	267.7
12.01	269.98
12.02	269.16
12.03	268.49
12.04	265.84
12.05	264.42
12.06	263.13
12.07	260.87
12.08	262.68
12.09	262.86
12.1	261.82
12.11	262.99
12.12	262.95
12.13	262.08
12.14	262.65
12.15	264.32
12.16	263.85
12.17	265.3
12.18	265.94
12.19	266.6
12.2	266.51
12.21	267.11
12.22	264.66
12.23	263.94
12.24	263.55
12.25	263.5
12.26	263.07
12.27	264.47
12.28	265.59
12.29	265.34
12.3	264.81
12.31	264.98
12.32	264.67
12.33	264.37
12.34	264.05
12.35	263.53
12.36	264.84
12.37	265.3
12.38	264.68
12.39	264.23
12.4	263.74
12.41	263.81
12.42	264.14
12.43	264.84
12.44	265.65
12.45	265.65
12.46	265.44
12.47	264.9
12.48	264.18
12.49	263.55
12.5	263.42
12.51	262.25
12.52	260.83
12.53	260.16
12.54	260.02
12.55	259.73
12.56	260.28
12.57	260.14
12.58	261.32
12.59	262.25
12.6	262.68
12.61	263.99
12.62	265.12
12.63	264.18
12.64	264.35
12.65	265.03
12.66	265.57
12.67	265.17
12.68	263.82
12.69	263.94
12.7	263.86
12.71	262.82
12.72	262.52
12.73	260.88
12.74	259.68
12.75	257.57
12.76	255.15
12.77	251.68
12.78	250.8
12.79	246.96
12.8	242.99
12.81	235.34
12.82	227.15
12.83	216.1
12.84	0
12.85	0
12.86	0
12.87	0
12.88	0
12.89	0
12.9	0
12.91	0
12.92	0
12.93	0
12.94	0
12.95	0
12.96	0
12.97	0
12.98	0
12.99	0
13	0
13.01	0
13.02	0
13.03	0
13.04	0
13.05	0
13.06	0
13.07	0
13.08	0
13.09	0
13.1	0
13.11	0
13.12	0
13.13	0
13.14	0
13.15	0
13.16	0
13.17	0
13.18	0
13.19	0
13.2	0
13.21	0
13.22	0
13.23	0
13.24	0
13.25	0
13.26	0
13.27	0
13.28	0
13.29	0
13.3	0
13.31	0
13.32	0
13.33	0
13.34	0
13.35	0
13.36	0
13.37	0
13.38	0
13.39	143.45
13.4	145.01
13.41	150
13.42	156.98
13.43	158.48
13.44	159.43
13.45	158.91
13.46	164.27
13.47	165.19
13.48	162.75
13.49	160.91
13.5	162.59
13.51	159.15
13.52	158.81
13.53	160.06
13.54	155.68
13.55	154.05
13.56	155.81
13.57	150.58
13.58	150
13.59	152.01
13.6	154.42
13.61	159.41
13.62	164.36
13.63	169.47
13.64	174.84
13.65	177.66
13.66	179.8
13.67	184.75
13.68	188.88
13.69	189.33
13.7	191.98
13.71	193.43
13.72	192.92
13.73	194.03
13.74	195.23
13.75	194.9
13.76	195.11
13.77	195.12
13.78	195.46
13.79	194.65
13.8	195.91
13.81	195.05
13.82	194.86
13.83	195.45
13.84	195.48
13.85	194.33
13.86	195.46
13.87	195.39
13.88	196.29
13.89	196.23
13.9	195.59
13.91	196.98
13.92	198.34
13.93	198.91
13.94	199.82
13.95	198.12
13.96	198.58
13.97	197.67
13.98	197.79
13.99	196.93
14	198.09
14.01	197.04
14.02	197.5
14.03	197.22
14.04	197.37
14.05	202.36
14.06	200.04
14.07	200.31
14.08	200.57
14.09	200.76
14.1	200.75
14.11	199.89
14.12	198.66
14.13	196.86
14.14	196.75
14.15	196.91
14.16	196.17
14.17	196.18
14.18	196.25
14.19	196.26
14.2	195.8
14.21	196.65
14.22	196.56
14.23	197.2
14.24	197.1
14.25	197.6
14.26	198.09
14.27	197.44
14.28	197.15
14.29	196.59
14.3	197.88
14.31	197.68
14.32	198.04
14.33	197.98
14.34	197.53
14.35	198.46
14.36	197.86
14.37	198.15
14.38	198.28
14.39	200.63
14.4	203.1
14.41	203.32
14.42	201.02
14.43	201.17
14.44	199.99
14.45	199.91
14.46	198.63
14.47	197.44
14.48	198.26
14.49	197.14
14.5	197.84
14.51	198.09
14.52	198.78
14.53	197.96
14.54	198.69
14.55	198.29
14.56	198.7
14.57	197.63
14.58	199.3
14.59	199.61
14.6	199.41
14.61	199.3
14.62	199.17
14.63	199.85
14.64	199.57
14.65	200.53
14.66	200.55
14.67	201.29
14.68	201.53
14.69	202.66
14.7	202.64
14.71	203.29
14.72	202.97
14.73	203.46
14.74	201.19
14.75	196.95
14.76	180.19
14.77	170.33
14.78	0
14.79	0
14.8	0
14.81	0
14.82	0
14.83	0
14.84	0
14.85	0
14.86	0
14.87	0
14.88	0
14.89	220.41
14.9	212.91
14.91	209.71
14.92	204.1
14.93	198.68
14.94	196.29
14.95	194.89
14.96	195.84
14.97	195.01
14.98	193.63
14.99	194.2
15	194.88
15.01	195.32
15.02	197.76
15.03	198.88
15.04	201.41
15.05	204.56
15.06	205.61
15.07	207.42
15.08	208.21
15.09	209.57
15.1	210.04
15.11	209.98
15.12	211.74
15.13	213.8
15.14	213.88
15.15	214.36
15.16	215.63
15.17	215.96
15.18	216.17
15.19	216.71
15.2	217.63
15.21	217.04
15.22	217.57
15.23	219.2
15.24	220.82
15.25	221.64
15.26	221.81
15.27	223.59
15.28	223.71
15.29	223.67
15.3	224.32
15.31	224.67
15.32	223.97
15.33	224.74
15.34	225.6
15.35	226.55
15.36	226.39
15.37	227.77
15.38	231.48
15.39	235.67
15.4	238.37
15.41	242.57
15.42	243.59
15.43	243.21
15.44	241.23
15.45	241.22
15.46	240.37
15.47	239.1
15.48	236.55
15.49	236.41
15.5	236.84
15.51	238.06
15.52	240.69
15.53	244.48
15.54	248.51
15.55	250.88
15.56	253.61
15.57	256
15.58	258.35
15.59	259.6
15.6	260.64
15.61	262.87
15.62	262.01
15.63	262.52
15.64	261.8
15.65	262.02
15.66	262.95
15.67	262.2
15.68	262.64
15.69	264.43
15.7	263.1
15.71	262.51
15.72	261.32
15.73	261.63
15.74	261.6
15.75	260.82
15.76	260.29
15.77	261.61
15.78	262.05
15.79	263.7
15.8	265.28
15.81	266.71
15.82	265.91
15.83	265.98
15.84	266.35
15.85	265.8
15.86	266.52
15.87	266.76
15.88	266.41
15.89	266.01
15.9	265.24
15.91	264.98
15.92	264.18
15.93	264.66
15.94	264.15
15.95	264.96
15.96	267.09
15.97	266.2
15.98	265.86
15.99	267.14
16	268.53
16.01	268.56
16.02	267.77
16.03	268.16
16.04	267.85
16.05	266.83
16.06	266.27
16.07	266.97
16.08	266.87
16.09	266.61
16.1	265.8
16.11	263.27
16.12	260.79
16.13	260.28
16.14	258.69
16.15	258.3
16.16	257.21
16.17	252.42
16.18	237.61
16.19	222.03
16.2	0
16.21	0
16.22	0
16.23	0
16.24	0
16.25	0
16.26	0
16.27	0
16.28	0
16.29	0
16.3	0
16.31	0
16.32	0
16.33	0
16.34	0
16.35	0
16.36	0
16.37	0
16.38	0
16.39	0
16.4	0
16.41	0
16.42	0
16.43	0
16.44	0
16.45	0
16.46	0
16.47	0
16.48	0
16.49	0
16.5	0
16.51	0
16.52	0
16.53	0
16.54	0
16.55	0
16.56	0
16.57	0
16.58	0
16.59	0
16.6	0
16.61	0
16.62	0
16.63	0
16.64	0
16.65	0
16.66	0
16.67	0
16.68	0
16.69	0
16.7	0
16.71	0
16.72	0
16.73	0
16.74	0
16.75	0
16.76	0
16.77	0
16.78	0
16.79	0
16.8	0
16.81	0
16.82	0
16.83	0
16.84	0
16.85	0
16.86	0
16.87	0
16.88	0
16.89	0
16.9	0
16.91	0
16.92	163.57
16.93	164.19
16.94	162.64
16.95	162.42
16.96	168.36
16.97	177.5
16.98	188.24
16.99	205.68
17	220.11
17.01	237.55
17.02	249.83
17.03	257.26
17.04	260.27
17.05	264.6
17.06	268.71
17.07	272.15
17.08	273.58
17.09	277.31
17.1	277.06
17.11	279.57
17.12	282
17.13	282.32
17.14	284.89
17.15	286.31
17.16	287.63
17.17	289.17
17.18	288.2
17.19	287.83
17.2	287.41
17.21	285.46
17.22	282.19
17.23	279.27
17.24	279
17.25	277.96
17.26	258.57
17.27	227.3
17.28	221.06
17.29	224.03
17.3	224.88
17.31	241.27
17.32	251.16
17.33	259.74
17.34	261.76
17.35	263.39
17.36	262.64
17.37	263.24
17.38	263
17.39	262.27
17.4	260.35
17.41	258.19
17.42	257.43
17.43	258.4
17.44	258.74
17.45	258.95
17.46	261.13
17.47	262.35
17.48	264.24
17.49	266.01
17.5	266.33
17.51	265.98
17.52	266.47
17.53	267.18
17.54	268.28
17.55	267.76
17.56	265.56
17.57	265.28
17.58	265.76
17.59	266.13
17.6	265.78
17.61	264.8
17.62	264.52
17.63	264.21
17.64	262.76
17.65	264.59
17.66	265.86
17.67	265.41
17.68	265.8
17.69	265.2
17.7	264.6
17.71	265.54
17.72	264.58
17.73	263.52
17.74	263.67
17.75	263.56
17.76	264.51
17.77	264.36
17.78	264.66
17.79	265.36
17.8	265.9
17.81	265.51
17.82	264.6
17.83	263.87
17.84	263.86
17.85	263.74
17.86	264.39
17.87	263.69
17.88	263.37
17.89	262.49
17.9	262.03
17.91	261.62
17.92	262.35
17.93	262.32
17.94	262
17.95	261.54
17.96	260.45
17.97	261.01
17.98	262.13
17.99	262.28
18	263.53
18.01	262.93
18.02	263.52
18.03	265.31
18.04	266.22
18.05	267.67
18.06	267.63
18.07	267.04
18.08	267.16
18.09	267.26
18.1	267.73
18.11	267.27
18.12	266.36
18.13	265.76
18.14	266.66
18.15	266.31
18.16	265.11
18.17	262.48
18.18	261.15
18.19	260.38
18.2	260.91
18.21	259
18.22	258.47
18.23	257.34
18.24	254.95
18.25	251.53
18.26	247.13
18.27	243.74
18.28	240.54
18.29	238.19
18.3	232.32
18.31	227.18
18.32	223.85
18.33	220.77
18.34	218.81
18.35	220.21
18.36	220.17
18.37	220.16
18.38	220.6
18.39	221.93
18.4	221.65
18.41	220.87
18.42	218.29
18.43	216.53
18.44	213.61
18.45	208.25
18.46	202.65
18.47	195.97
18.48	187.92
18.49	188.09
18.5	184.25
18.51	180.48
18.52	178.12
18.53	176.6
18.54	176.25
18.55	175.12
18.56	174.33
18.57	174.99
18.58	175.59
18.59	175.92
18.6	176.18
18.61	175.99
18.62	175.96
18.63	177.07
18.64	177.38
18.65	177.81
18.66	177.29
18.67	177.89
18.68	176.84
18.69	176.97
18.7	176.41
18.71	177.13
18.72	176.77
18.73	175.71
18.74	177.05
18.75	177.35
18.76	175.72
18.77	176.71
18.78	175.43
18.79	174.81
18.8	176.11
18.81	175.7
18.82	175.47
18.83	175
18.84	174.92
18.85	175.76
18.86	177.11
18.87	177.38
18.88	176.3
18.89	162.45
18.9	154.12
18.91	156.48
18.92	148.23
18.93	141.77
18.94	143.52
18.95	0
18.96	0
18.97	0
18.98	0
18.99	0
19	0
19.01	189
19.02	186.16
19.03	187.87
19.04	183.41
19.05	177.13
19.06	171.08
19.07	167.66
19.08	166.75
19.09	168.27
19.1	170.03
19.11	173.06
19.12	177.51
19.13	180.04
19.14	183.67
19.15	187.38
19.16	188.53
19.17	191.32
19.18	193.45
19.19	194.75
19.2	194.87
19.21	196.22
19.22	196.97
19.23	196.8
19.24	196.86
19.25	197.23
19.26	197.16
19.27	197.65
19.28	196.81
19.29	196.98
19.3	197.38
19.31	197.42
19.32	198.67
19.33	198.52
19.34	199.14
19.35	198.76
19.36	200.02
19.37	199.4
19.38	199.36
19.39	199.49
19.4	199.29
19.41	199.52
19.42	199.55
19.43	199.71
19.44	199.69
19.45	199.34
19.46	199.96
19.47	200.5
19.48	200.96
19.49	201.49
19.5	201.99
19.51	202.36
19.52	203.02
19.53	202.27
19.54	202.86
19.55	201.61
19.56	202.5
19.57	202.56
19.58	203.37
19.59	202.82
19.6	203.14
19.61	203.06
19.62	202.27
19.63	201.84
19.64	201.86
19.65	201.55
19.66	202.93
19.67	202.57
19.68	203.37
19.69	203.71
19.7	204.39
19.71	203.48
19.72	202.06
19.73	200.58
19.74	193.82
19.75	185.1
19.76	212.43
19.77	206.58
19.78	204.28
19.79	203.79
19.8	204.05
19.81	203.28
19.82	202.47
19.83	202.31
19.84	202.08
19.85	203.26
19.86	203.37
19.87	203.35
19.88	204.09
19.89	203.66
19.9	204.56
19.91	205.66
19.92	206.96
19.93	208.04
19.94	209.1
19.95	208.49
19.96	203.72
19.97	194.57
19.98	205.11
19.99	224.39
20	222.96
20.01	223.81
20.02	228.87
20.03	229.72
20.04	229.57
20.05	229.75
20.06	229.73
20.07	227.74
20.08	227.05
20.09	221.58
20.1	0
20.11	0
20.12	0
20.13	0
20.14	0
20.15	0
20.16	0
20.17	0
20.18	0
20.19	0
20.2	0
20.21	0
20.22	0
20.23	0
20.24	0
20.25	0
20.26	0
20.27	0
20.28	0
20.29	0
20.3	0
20.31	0
20.32	0
20.33	0
20.34	201.43
20.35	202.37
20.36	204
20.37	204.86
20.38	205.54
20.39	204.78
20.4	204.15
20.41	202.76
20.42	200.34
20.43	199.98
20.44	200.34
20.45	200.03
20.46	200.1
20.47	200.07
20.48	199.95
20.49	199.81
20.5	200.56
20.51	201.71
20.52	202.43
20.53	203.17
20.54	202.48
20.55	202.94
20.56	202.05
20.57	201.71
20.58	200.59
20.59	200.09
20.6	199.11
20.61	199.14
20.62	199.57
20.63	199.71
20.64	200.16
20.65	199.51
20.66	199.06
20.67	199.61
20.68	199.75
20.69	197.96
20.7	198.14
20.71	198.92
20.72	198.53
20.73	197.99
20.74	198.15
20.75	198.4
20.76	198.55
20.77	198.98
20.78	198.31
20.79	198.46
20.8	198.62
20.81	198.37
20.82	198.96
20.83	198.74
20.84	199.77
20.85	200.38
20.86	200
20.87	200.29
20.88	199.38
20.89	199.96
20.9	200.34
20.91	199.23
20.92	198.79
20.93	198.82
20.94	198.83
20.95	198.57
20.96	198.69
20.97	198.33
20.98	198.32
20.99	196.99
21	197.46
21.01	197.68
21.02	196.76
21.03	198.57
21.04	198
21.05	198.04
21.06	198.24
21.07	197.4
21.08	198.16
21.09	196.81
21.1	195.97
21.11	194.74
21.12	195.29
21.13	196.17
21.14	196.4
21.15	197.14
21.16	197.2
21.17	197.54
21.18	196.29
21.19	194.32
21.2	192.11
21.21	191.73
21.22	186.83
21.23	0
21.24	0
21.25	0
21.26	0
21.27	0
21.28	0
21.29	0
21.3	0
21.31	0
21.32	0
21.33	0
21.34	0
21.35	0
21.36	0
21.37	0
21.38	0
21.39	0
21.4	0
21.41	0
21.42	0
21.43	0
21.44	0
21.45	0
21.46	0
21.47	0
21.48	0
21.49	0
21.5	0
21.51	0
21.52	0
21.53	0
21.54	0
21.55	0
21.56	0
21.57	0
21.58	0
21.59	0
21.6	0
21.61	0
21.62	0
21.63	0
21.64	0
21.65	0
21.66	0
21.67	0
21.68	0
21.69	0
21.7	0
21.71	0
21.72	0
21.73	0
21.74	0
21.75	0
21.76	0
21.77	0
21.78	0
21.79	0
21.8	0
21.81	0
21.82	0
21.83	0
21.84	0
21.85	0
21.86	0
21.87	0
21.88	0
21.89	0
21.9	0
21.91	0
21.92	0
21.93	0
21.94	0
21.95	0
21.96	0
21.97	0
21.98	0
21.99	0
22	0
22.01	0
22.02	0
22.03	0
22.04	0
22.05	0
22.06	0
22.07	0
22.08	0
22.09	0
22.1	0
22.11	0
22.12	0
22.13	0
22.14	0
22.15	0
22.16	0
22.17	0
22.18	0
22.19	0
22.2	0
22.21	0
22.22	0
22.23	0
22.24	0
22.25	0
22.26	0
22.27	0
22.28	0
22.29	0
22.3	0
22.31	0
22.32	174.71
22.33	181.07
22.34	178.44
22.35	177.7
22.36	178.33
22.37	179.26
22.38	179.72
22.39	184.54
22.4	183.24
22.41	192.11
22.42	204.8
22.43	215.58
22.44	227.81
22.45	237.58
22.46	247.76
22.47	256.18
22.48	263.76
22.49	266.49
22.5	271.89
22.51	274.3
22.52	276.75
22.53	277.66
22.54	279.68
22.55	280.41
22.56	282.58
22.57	285.4
22.58	285.93
22.59	287.91
22.6	290.27
22.61	290.76
22.62	292.22
22.63	291.49
22.64	291.29
22.65	290.23
22.66	288.87
22.67	284.96
22.68	245.47
22.69	235.5
22.7	231.5
22.71	232.73
22.72	241.53
22.73	247.97
22.74	255.02
22.75	261.03
22.76	264.36
22.77	264.38
22.78	263.99
22.79	263.18
22.8	261.71
22.81	261.35
22.82	258.58
22.83	262.52
22.84	263.03
22.85	263.9
22.86	266.15
22.87	266.88
22.88	266.66
22.89	266.2
22.9	266.22
22.91	264.78
22.92	262.35
22.93	260.28
22.94	259.65
22.95	260.03
22.96	261.53
22.97	262.12
22.98	261.66
22.99	261.82
23	262.28
23.01	261.39
23.02	261.77
23.03	262.19
23.04	262.96
23.05	262.66
23.06	261.9
23.07	261.09
23.08	259.77
23.09	259.15
23.1	260.37
23.11	261.37
23.12	260.71
23.13	259.38
23.14	259.51
23.15	259.68
23.16	259.09
23.17	258.31
23.18	258.87
23.19	258.92
23.2	260.02
23.21	259.77
23.22	260.31
23.23	259.77
23.24	258.69
23.25	259.01
23.26	258.63
23.27	259.2
23.28	257.57
23.29	258.74
23.3	259.1
23.31	259.08
23.32	260.72
23.33	261.58
23.34	262
23.35	264.45
23.36	264.88
23.37	264.63
23.38	263.99
23.39	263.96
23.4	264.64
23.41	263.6
23.42	263.62
23.43	263.7
23.44	263.11
23.45	262.77
23.46	262.48
23.47	262.5
23.48	262.6
23.49	260.82
23.5	261.58
23.51	260.81
23.52	259.2
23.53	259.62
23.54	258.22
23.55	258.42
23.56	257.41
23.57	256.28
23.58	256.69
23.59	255.24
23.6	254.8
23.61	253.94
23.62	252.07
23.63	251.7
23.64	252.01
23.65	250.49
23.66	248.86
23.67	247.04
23.68	248.11
23.69	247.22
23.7	244.94
23.71	244.37
23.72	243.78
23.73	242.6
23.74	242.03
23.75	239.17
23.76	236.78
23.77	235.49
23.78	235.42
23.79	236.62
23.8	241.64
23.81	242.59
23.82	243.07
23.83	239.8
23.84	238.18
23.85	232.3
23.86	229.12
23.87	224.09
23.88	219.61
23.89	214.31
23.9	209.82
23.91	205.71
23.92	203.03
23.93	200.46
23.94	197.98
23.95	194.78
23.96	191.88
23.97	190.71
23.98	188.88
23.99	187.36
24	186.55
24.01	185.54
24.02	184.04
24.03	181.6
24.04	179.39
24.05	173.29
24.06	164.78
24.07	158.21
24.08	0
24.09	0
24.1	0
24.11	0
24.12	0
24.13	0
24.14	174.84
24.15	177.6
24.16	178.95
24.17	177.47
24.18	175.92
24.19	175.85
24.2	175.22
24.21	175.43
24.22	176.7
24.23	177.35
24.24	177.22
24.25	177.13
24.26	177.66
24.27	177.49
24.28	177.46
24.29	174.28
24.3	175.87
24.31	176.67
24.32	177.92
24.33	179.41
24.34	181.23
24.35	182.41
24.36	184.53
24.37	186.27
24.38	187.22
24.39	187.54
24.4	187.86
24.41	188.54
24.42	186.98
24.43	186.36
24.44	185.1
24.45	184.02
24.46	182.75
24.47	180.25
24.48	179.95
24.49	179.5
24.5	178.94
24.51	179.45
24.52	181.52
24.53	184.85
24.54	188.77
24.55	191.86
24.56	193.72
24.57	196.41
24.58	198.24
24.59	198.8
24.6	197.98
24.61	198.89
24.62	198.01
24.63	199.8
24.64	199.55
24.65	199.53
24.66	200.53
24.67	200.66
24.68	201.41
24.69	201.96
24.7	201.63
24.71	201.38
24.72	201.05
24.73	201.31
24.74	200.44
24.75	194.82
24.76	180.82
24.77	179.32
24.78	177.93
24.79	181.06
24.8	185.35
24.81	193.77
24.82	199.51
24.83	201.32
24.84	201.19
24.85	200.65
24.86	200.16
24.87	199.95
24.88	199.46
24.89	199.56
24.9	199.23
24.91	199.84
24.92	200.67
24.93	201.59
24.94	201.93
24.95	203.33
24.96	204.05
24.97	206.21
24.98	206.04
24.99	207.03
25	206.89
25.01	206.58
25.02	205.69
25.03	204.65
25.04	203.22
25.05	201.27
25.06	202.04
25.07	203.3
25.08	204.5
25.09	206.59
25.1	210.53
25.11	214.59
25.12	218.98
25.13	222.15
25.14	224.68
25.15	226.08
25.16	228.1
25.17	229.43
25.18	231.64
25.19	231.53
25.2	230.37
25.21	230.27
25.22	229.96
25.23	228.7
25.24	228.07
25.25	227.89
25.26	227.75
25.27	227.72
25.28	228.07
25.29	228.29
25.3	228.24
25.31	228.75
25.32	229
25.33	229.53
25.34	228.38
25.35	228.65
25.36	229.18
25.37	228.99
25.38	229.28
25.39	228.95
25.4	226.88
25.41	223.77
25.42	220.58
25.43	219.24
25.44	213.5
25.45	206.66
25.46	200.01
25.47	195.72
25.48	190.6
25.49	190.88
25.5	175.06
25.51	168.58
25.52	165.42
25.53	162.28
25.54	163.3
25.55	164.92
25.56	166.54
25.57	168.73
25.58	169.29
25.59	171.01
25.6	172.01
25.61	172.41
25.62	171.63
25.63	171.41
25.64	171.62
25.65	171.25
25.66	171.99
25.67	172.6
25.68	173.1
25.69	173.67
25.7	174.17
25.71	175.22
25.72	174.98
25.73	175.1
25.74	175.09
25.75	175.41
25.76	175.08
25.77	175.33
25.78	174.27
25.79	174.92
25.8	174.17
25.81	174.93
25.82	177.16
25.83	176.56
25.84	176.34
25.85	175.66
25.86	174.8
25.87	175.34
25.88	176.3
25.89	175.47
25.9	176.5
25.91	176.96
25.92	176.48
25.93	176.51
25.94	175.21
25.95	174.73
25.96	173.1
25.97	171.37
25.98	168.65
25.99	167.07
26	164.33
26.01	162.37
26.02	160.08
26.03	156.7
26.04	155.53
26.05	155.53
26.06	153.75
26.07	152.44
26.08	149.88
26.09	149.58
26.1	147.84
26.11	148.35
26.12	147.46
26.13	148.16
26.14	146.93
26.15	146.46
26.16	143.45
26.17	142.23
26.18	140.02
26.19	136.9
26.2	135.23
26.21	132.96
26.22	131.13
26.23	131.62
26.24	130.34
26.25	128.86
26.26	127.54
26.27	126.66
26.28	125.86
26.29	125.9
26.3	126.18
26.31	127.25
26.32	127.65
26.33	128.51
26.34	129.58
26.35	129.09
26.36	130.61
26.37	130.22
26.38	129.81
26.39	129.05
26.4	128.55
26.41	128.31
26.42	127.03
26.43	128.07
26.44	128.5
26.45	128.48
26.46	129.12
26.47	129.23
26.48	130.35
26.49	130.45
26.5	130.93
26.51	131.84
26.52	131.04
26.53	130.44
26.54	129.92
26.55	129.74
26.56	130.35
26.57	131.34
26.58	131.32
26.59	131.83
26.6	132.5
26.61	132.59
26.62	133.55
26.63	134.09
26.64	134.49
26.65	134.27
26.66	132.82
26.67	133.34
26.68	132.45
26.69	131.95
26.7	131.74
26.71	130.23
26.72	130.08
26.73	130.47
26.74	129.71
26.75	131.12
26.76	131.68
26.77	131.39
26.78	132.33
26.79	131.79
26.8	132.32
26.81	133.09
26.82	133.15
26.83	131.9
26.84	129.04
26.85	127.12
26.86	125.36
26.87	125.52
26.88	126.24
26.89	127.13
26.9	132.81
26.91	125.94
26.92	124.54
26.93	124.33
26.94	120.16
26.95	0
26.96	0
26.97	0
26.98	0
26.99	0
27	0
27.01	0
27.02	0
27.03	0
27.04	0
27.05	0
27.06	0
27.07	0
27.08	0
27.09	0
27.1	0
27.11	0
27.12	0
27.13	0
27.14	0
27.15	0
27.16	0
27.17	0
27.18	0
27.19	0
27.2	0
27.21	0
27.22	0
27.23	0
27.24	0
27.25	0
27.26	0
27.27	0
27.28	0
27.29	0
27.3	0
27.31	0
27.32	0
27.33	0
27.34	0
27.35	0
27.36	0
27.37	0
27.38	0
27.39	0
27.4	0
27.41	0
27.42	0
27.43	0
27.44	0
27.45	0
27.46	0
27.47	0
27.48	0
27.49	0
27.5	0
27.51	0
27.52	0
27.53	0
27.54	0
27.55	0
27.56	0
27.57	0
27.58	0
27.59	0
27.6	0
27.61	0
27.62	0
27.63	0
27.64	0
27.65	0
27.66	0
27.67	0
27.68	0
27.69	0
27.7	0
27.71	0
27.72	0
27.73	0
27.74	0
27.75	0
27.76	179.93
27.77	176.81
27.78	177.93
27.79	179.84
27.8	181.98
27.81	185.42
27.82	194.43
27.83	211.15
27.84	223.23
27.85	240.52
27.86	252.04
27.87	264.87
27.88	271.54
27.89	274.41
27.9	275.86
27.91	279.87
27.92	283.63
27.93	285.36
27.94	285.6
27.95	285.44
27.96	284.78
27.97	282.25
27.98	280.75
27.99	278.81
28	276.12
28.01	272.67
28.02	269.86
28.03	267.06
28.04	265.12
28.05	265.25
28.06	265.27
28.07	264.94
28.08	263.76
28.09	256.77
28.1	233.56
28.11	232.95
28.12	233.17
28.13	239.6
28.14	252.38
28.15	262.62
28.16	267.22
28.17	267.94
28.18	267.22
28.19	267.53
28.2	267.5
28.21	267.4
28.22	267.69
28.23	266.27
28.24	264.27
28.25	261.75
28.26	264.11
28.27	266.76
28.28	266.69
28.29	265.97
28.3	265.41
28.31	264.88
28.32	264.83
28.33	264.19
28.34	264.02
28.35	263.94
28.36	265.5
28.37	263.42
28.38	263.82
28.39	263.55
28.4	264.52
28.41	264.67
28.42	265.61
28.43	266.37
28.44	266.55
28.45	265.36
28.46	263.94
28.47	263.89
28.48	263.7
28.49	262.94
28.5	263.84
28.51	262.78
28.52	262.48
28.53	261.78
28.54	260.59
28.55	260.81
28.56	259.89
28.57	259.21
28.58	260.67
28.59	260.4
28.6	259.92
28.61	259.53
28.62	261.3
28.63	260.81
28.64	261.1
28.65	261.72
28.66	261.86
28.67	264.32
28.68	265.52
28.69	264.99
28.7	266.09
28.71	266.79
28.72	268.09
28.73	267.35
28.74	266.9
28.75	266.16
28.76	265.99
28.77	265.08
28.78	265.05
28.79	264.19
28.8	264.46
28.81	264.27
28.82	263.69
28.83	264.63
28.84	264.28
28.85	263.65
28.86	261.99
28.87	261.85
28.88	262.26
28.89	262.06
28.9	262.28
28.91	262.48
28.92	261.29
28.93	259.72
28.94	259.54
28.95	259.16
28.96	259.05
28.97	258.1
28.98	257.85
28.99	258.09
29	256.41
29.01	255.44
29.02	253.44
29.03	251.02
29.04	249.34
29.05	245.49
29.06	238.69
29.07	232.61
29.08	0
29.09	0
29.1	0
29.11	0
29.12	0
29.13	0
29.14	0
29.15	0
29.16	0
29.17	0
29.18	0
29.19	0
29.2	0
29.21	0
29.22	0
29.23	0
29.24	0
29.25	0
29.26	0
29.27	0
29.28	0
29.29	0
29.3	0
29.31	0
29.32	0
29.33	0
29.34	0
29.35	0
29.36	0
29.37	0
29.38	0
29.39	0
29.4	0
29.41	0
29.42	0
29.43	0
29.44	0
29.45	0
29.46	0
29.47	0
29.48	0
29.49	0
29.5	0
29.51	0
29.52	160.95
29.53	165.22
29.54	167.09
29.55	167.64
29.56	168.3
29.57	167.95
29.58	165.88
29.59	164.71
29.6	166.8
29.61	168.81
29.62	170.6
29.63	174.07
29.64	177.17
29.65	180.21
29.66	183.7
29.67	186.59
29.68	190.42
29.69	191.73
29.7	194.33
29.71	195.46
29.72	196.35
29.73	196.11
29.74	196.09
29.75	195.37
29.76	196.04
29.77	195.19
29.78	195.23
29.79	195.94
29.8	196.67
29.81	197.3
29.82	198.09
29.83	197.59
29.84	198.18
29.85	199.48
29.86	200.63
29.87	198.83
29.88	197.75
29.89	195.9
29.9	197.73
29.91	195.86
29.92	196.89
29.93	196.5
29.94	195.36
29.95	195.22
29.96	194.4
29.97	194.27
29.98	194.44
29.99	194.87
30	195.78
30.01	195.88
30.02	195.85
30.03	195.9
30.04	195.62
30.05	196.5
30.06	196.52
30.07	196.43
30.08	195.7
30.09	196
30.1	196.67
30.11	195.91
30.12	194.98
30.13	195.32
30.14	195.89
30.15	195.8
30.16	195.87
30.17	195.6
30.18	196.36
30.19	196.77
30.2	197.34
30.21	196.58
30.22	196.74
30.23	197.2
30.24	198.78
30.25	199.2
30.26	200.02
30.27	198.89
30.28	198.69
30.29	197.9
30.3	198.11
30.31	197.44
30.32	202.52
30.33	205.37
30.34	205.1
30.35	202.71
30.36	199.11
30.37	194.88
30.38	189.73
30.39	186.19
30.4	183.18
30.41	183.71
30.42	186.98
30.43	190.68
30.44	194.83
30.45	197.39
30.46	197.64
30.47	197.07
30.48	196.25
30.49	194.91
30.5	193.45
30.51	194.37
30.52	195.21
30.53	198.17
30.54	201.56
30.55	205.91
30.56	210.94
30.57	214.89
30.58	217.09
30.59	221.71
30.6	225.52
30.61	228.26
30.62	229.82
30.63	232.07
30.64	230.81
30.65	231.1
30.66	232.14
30.67	228.99
30.68	226.31
30.69	218.17
30.7	205.63
30.71	0
30.72	0
30.73	0
30.74	0
30.75	0
30.76	0
30.77	0
30.78	0
30.79	0
30.8	0
30.81	0
30.82	0
30.83	0
30.84	217.12
30.85	215.3
30.86	210.76
30.87	208.41
30.88	204.5
30.89	203.06
30.9	202.15
30.91	200.26
30.92	198.97
30.93	196.51
30.94	193.76
30.95	191.37
30.96	188.04
30.97	183.04
30.98	179.03
30.99	175.37
31	174.22
31.01	172.95
31.02	173.6
31.03	173.6
31.04	173.5
31.05	175.13
31.06	174.83
31.07	174.73
31.08	176.81
31.09	178.67
31.1	178.68
31.11	178.82
31.12	176.67
31.13	172.15
31.14	164.64
31.15	158.06
31.16	157.42
31.17	0
31.18	0
31.19	0
31.2	0
31.21	0
31.22	0
31.23	0
31.24	0
31.25	0
31.26	0
31.27	0
31.28	192.51
31.29	184.77
31.3	182.08
31.31	180.6
31.32	178.19
31.33	177.33
31.34	176.51
31.35	176.38
31.36	176.36
31.37	175.64
31.38	176.85
31.39	176.17
31.4	176.29
31.41	176.74
31.42	177.06
31.43	177.28
31.44	177.78
31.45	177.97
31.46	177.42
31.47	176.96
31.48	177.59
31.49	176.84
31.5	177.87
31.51	177.8
31.52	177.64
31.53	177.99
31.54	177.64
31.55	178.17
31.56	178.18
31.57	179.08
31.58	179.74
31.59	180.31
31.6	180.26
31.61	180.01
31.62	181.16
31.63	180.61
31.64	179.98
31.65	180.84
31.66	181.04
31.67	180.7
31.68	181.44
31.69	180.75
31.7	180.22
31.71	180.16
31.72	178.89
31.73	178.46
31.74	178.61
31.75	177.96
31.76	177.86
31.77	177.3
31.78	176.94
31.79	176.49
31.8	176.94
31.81	176.75
31.82	176.39
31.83	177.26
31.84	177.51
31.85	177.02
31.86	177.15
31.87	177.63
31.88	178.82
31.89	179.94
31.9	180.22
31.91	180.23
31.92	180.11
31.93	180.66
31.94	180.74
31.95	180.45
31.96	179.75
