0	0
0.01	0
0.02	0
0.03	0
0.04	0
0.05	0
0.06	0
0.07	0
0.08	0
0.09	0
0.1	0
0.11	0
0.12	0
0.13	0
0.14	0
0.15	0
0.16	0
0.17	0
0.18	0
0.19	0
0.2	0
0.21	0
0.22	0
0.23	0
0.24	0
0.25	0
0.26	0
0.27	0
0.28	0
0.29	0
0.3	0
0.31	0
0.32	0
0.33	0
0.34	0
0.35	196.82
0.36	190.68
0.37	182.72
0.38	175.69
0.39	171.12
0.4	171.87
0.41	171.7
0.42	173.93
0.43	171.78
0.44	178.07
0.45	180.38
0.46	189.26
0.47	190.83
0.48	196.15
0.49	202.9
0.5	199.76
0.51	200.36
0.52	199.9
0.53	199.55
0.54	198.81
0.55	197.39
0.56	199.61
0.57	201.11
0.58	203.24
0.59	209.94
0.6	215.69
0.61	223.73
0.62	229.97
0.63	231.19
0.64	235.57
0.65	234.17
0.66	235.88
0.67	236.09
0.68	233.34
0.69	229.45
0.7	229.32
0.71	227.51
0.72	227.69
0.73	227.71
0.74	229.59
0.75	233.01
0.76	232.43
0.77	234.97
0.78	236.43
0.79	237.51
0.8	236.5
0.81	236.3
0.82	237.13
0.83	237.32
0.84	237.43
0.85	237.35
0.86	234.6
0.87	234.74
0.88	232.02
0.89	230.35
0.9	231.14
0.91	227.55
0.92	227.68
0.93	224.76
0.94	226.37
0.95	226.35
0.96	228.74
0.97	228.47
0.98	233.01
0.99	234.5
1	235.98
1.01	238.5
1.02	239.5
1.03	239.03
1.04	235.96
1.05	234.81
1.06	232.05
1.07	229.88
1.08	227.13
1.09	226.48
1.1	226.49
1.11	227.45
1.12	228.43
1.13	232.66
1.14	235.48
1.15	235.94
1.16	240.36
1.17	242.33
1.18	242.53
1.19	242.13
1.2	241.41
1.21	239.98
1.22	237.68
1.23	233.74
1.24	231.32
1.25	231.68
1.26	232.55
1.27	235.81
1.28	239.3
1.29	240.96
1.3	247.82
1.31	248.59
1.32	246.77
1.33	249.64
1.34	243.88
1.35	237.22
1.36	0
1.37	0
1.38	0
1.39	0
1.4	0
1.41	0
1.42	0
1.43	0
1.44	0
1.45	0
1.46	0
1.47	0
1.48	0
1.49	0
1.5	0
1.51	0
1.52	0
1.53	0
1.54	0
1.55	0
1.56	0
1.57	0
1.58	0
1.59	0
1.6	0
1.61	0
1.62	0
1.63	0
1.64	0
1.65	0
1.66	0
1.67	0
1.68	0
1.69	0
1.7	0
1.71	0
1.72	0
1.73	0
1.74	0
1.75	0
1.76	0
1.77	213.08
1.78	202.72
1.79	188.22
1.8	179.77
1.81	174.11
1.82	171.28
1.83	171.87
1.84	174.94
1.85	177.1
1.86	181.77
1.87	187.58
1.88	190.72
1.89	194.76
1.9	198.61
1.91	203.11
1.92	203.34
1.93	203.97
1.94	203.49
1.95	203.91
1.96	202.38
1.97	201.15
1.98	200.66
1.99	201.56
2	206.34
2.01	210
2.02	215.41
2.03	221.86
2.04	228.54
2.05	230.62
2.06	232.41
2.07	233.55
2.08	234.42
2.09	233.11
2.1	231.74
2.11	234.72
2.12	232.8
2.13	230.75
2.14	229.62
2.15	228.11
2.16	229.05
2.17	227.42
2.18	228.29
2.19	227.96
2.2	229.22
2.21	231.69
2.22	233.01
2.23	235.76
2.24	233.64
2.25	234.59
2.26	235.47
2.27	234.97
2.28	234.62
2.29	234.47
2.3	232.2
2.31	230.34
2.32	228.43
2.33	227.21
2.34	224.53
2.35	225.82
2.36	226.86
2.37	228.45
2.38	231.92
2.39	233.11
2.4	234.64
2.41	237.75
2.42	240.07
2.43	239.7
2.44	240.19
2.45	239.73
2.46	237.87
2.47	235.16
2.48	232.56
2.49	229.35
2.5	228.54
2.51	225.93
2.52	225
2.53	227.83
2.54	228.64
2.55	230.72
2.56	235.1
2.57	236.8
2.58	239.15
2.59	241.23
2.6	241.61
2.61	241.79
2.62	239.65
2.63	237.33
2.64	233.98
2.65	230.92
2.66	229.15
2.67	230.01
2.68	233.07
2.69	235.58
2.7	239.09
2.71	233.44
2.72	242.29
2.73	245.25
2.74	247.59
2.75	252.78
2.76	251.01
2.77	242.97
2.78	0
2.79	0
2.8	0
2.81	0
2.82	0
2.83	0
2.84	0
2.85	0
2.86	0
2.87	0
2.88	0
2.89	0
2.9	0
2.91	0
2.92	0
2.93	0
2.94	0
2.95	0
2.96	0
2.97	0
2.98	0
2.99	0
3	0
3.01	0
3.02	0
3.03	0
3.04	0
3.05	0
3.06	0
3.07	0
3.08	0
3.09	0
3.1	0
3.11	0
3.12	0
3.13	209.18
3.14	203.79
3.15	199.44
3.16	193.06
3.17	192.64
3.18	189.45
3.19	190.99
3.2	192.59
3.21	194.94
3.22	196.04
3.23	196.74
3.24	197.68
3.25	196.11
3.26	197.82
3.27	197.82
3.28	198.47
3.29	198.17
3.3	199.85
3.31	199.26
3.32	198.9
3.33	198.16
3.34	198.28
3.35	199.49
3.36	205.69
3.37	216.96
3.38	228.57
3.39	236.82
3.4	237.28
3.41	240.21
3.42	239.16
3.43	235.18
3.44	232.75
3.45	231.2
3.46	230.99
3.47	238.03
3.48	240.38
3.49	244.17
3.5	250.8
3.51	254.99
3.52	261.15
3.53	263.91
3.54	262.04
3.55	262.13
3.56	258.91
3.57	257.81
3.58	258.08
3.59	259.08
3.6	257.35
3.61	258.15
3.62	259.82
3.63	269.26
3.64	268.52
3.65	270.58
3.66	269.39
3.67	269.4
3.68	269.01
3.69	267.17
3.7	265.91
3.71	266.21
3.72	264.96
3.73	265.37
3.74	264.14
3.75	264.37
3.76	264.32
3.77	263.68
3.78	264.43
3.79	265.3
3.8	265.15
3.81	265.74
3.82	265.13
3.83	265.19
3.84	264.22
3.85	261.47
3.86	261.51
3.87	260.4
3.88	259.15
3.89	258.68
3.9	258.61
3.91	258.69
3.92	258.9
3.93	259.48
3.94	260.07
3.95	259.08
3.96	258.9
3.97	259.25
3.98	259.23
3.99	258.96
4	259.48
4.01	260.34
4.02	261.25
4.03	262.22
4.04	262.84
4.05	263.61
4.06	263.02
4.07	261.57
4.08	261.4
4.09	262.38
4.1	263.83
4.11	263.93
4.12	265.76
4.13	266.53
4.14	268.2
4.15	269.36
4.16	272.42
4.17	274.45
4.18	276.25
4.19	283.47
4.2	289.5
4.21	300.37
4.22	307.96
4.23	0
4.24	0
4.25	0
4.26	0
4.27	0
4.28	0
4.29	0
4.3	0
4.31	0
4.32	0
4.33	0
4.34	0
4.35	0
4.36	0
4.37	0
4.38	0
4.39	0
4.4	0
4.41	0
4.42	0
4.43	0
4.44	0
4.45	0
4.46	0
4.47	0
4.48	0
4.49	0
4.5	0
4.51	0
4.52	0
4.53	0
4.54	0
4.55	0
4.56	0
4.57	0
4.58	0
4.59	0
4.6	0
4.61	0
4.62	0
4.63	0
4.64	0
4.65	181.05
4.66	180.87
4.67	178.74
4.68	178.94
4.69	180.71
4.7	181.46
4.71	184.57
4.72	185.64
4.73	188.95
4.74	191.63
4.75	192.55
4.76	194.66
4.77	195.39
4.78	195.99
4.79	194.92
4.8	196.14
4.81	196.18
4.82	200.36
4.83	197.4
4.84	193.35
4.85	195.59
4.86	196.18
4.87	207.1
4.88	0
4.89	0
4.9	0
4.91	0
4.92	0
4.93	0
4.94	0
4.95	0
4.96	0
4.97	0
4.98	0
4.99	0
5	0
5.01	0
5.02	0
5.03	0
5.04	0
5.05	0
5.06	0
5.07	0
5.08	0
5.09	0
5.1	0
5.11	0
5.12	0
5.13	0
5.14	269.07
5.15	273.7
5.16	275.08
5.17	273.42
5.18	269.29
5.19	267.61
5.2	266.07
5.21	262.86
5.22	261.77
5.23	258.54
5.24	257.14
5.25	255.06
5.26	257.87
5.27	260.17
5.28	263.49
5.29	266.94
5.3	268.17
5.31	270.85
5.32	273.04
5.33	273.96
5.34	273.35
5.35	272.19
5.36	269.24
5.37	267.07
5.38	263.25
5.39	261.47
5.4	258.47
5.41	256.52
5.42	255.16
5.43	256.34
5.44	257.61
5.45	260.6
5.46	264.22
5.47	266.33
5.48	267.67
5.49	270.55
5.5	270.6
5.51	271.72
5.52	272.36
5.53	272.91
5.54	268.08
5.55	266.29
5.56	261.93
5.57	259.1
5.58	256.36
5.59	257.29
5.6	258.3
5.61	262.55
5.62	262.79
5.63	263.48
5.64	265.85
5.65	269.38
5.66	269.39
5.67	270.45
5.68	269.09
5.69	269.02
5.7	268.22
5.71	264.59
5.72	257.22
5.73	251.38
5.74	251.19
5.75	253.14
5.76	255.73
5.77	256.95
5.78	262.42
5.79	0
5.8	0
5.81	0
5.82	0
5.83	0
5.84	0
5.85	0
5.86	0
5.87	0
5.88	0
5.89	0
5.9	0
5.91	0
5.92	0
5.93	0
5.94	0
5.95	0
5.96	0
5.97	0
5.98	0
5.99	0
6	0
6.01	0
6.02	0
6.03	0
6.04	0
6.05	0
6.06	0
6.07	0
6.08	0
6.09	0
6.1	0
6.11	0
6.12	0
6.13	0
6.14	0
6.15	0
6.16	0
6.17	0
6.18	0
6.19	0
6.2	0
6.21	0
6.22	0
6.23	0
6.24	0
6.25	0
6.26	0
6.27	430.75
6.28	419.59
6.29	399.15
6.3	376.11
6.31	358.86
6.32	333.55
6.33	296.73
6.34	283.8
6.35	282.38
6.36	284.69
6.37	287.37
6.38	293.6
6.39	296.72
6.4	304.55
6.41	308.36
6.42	312.96
6.43	317.72
6.44	319.02
6.45	319.01
6.46	319.32
6.47	315.39
6.48	317.47
6.49	313.15
6.5	315.41
6.51	309.94
6.52	309.96
6.53	309.65
6.54	311.53
6.55	311.77
6.56	308.3
6.57	307.52
6.58	306.84
6.59	304.31
6.6	300.41
6.61	298.3
6.62	298.79
6.63	300.98
6.64	304.84
6.65	306.31
6.66	306.21
6.67	301.49
6.68	292.19
6.69	285.83
6.7	0
6.71	0
6.72	0
6.73	0
6.74	0
6.75	0
6.76	0
6.77	0
6.78	290.75
6.79	283.71
6.8	282.89
6.81	278.56
6.82	274.36
6.83	269.01
6.84	265.57
6.85	259.34
6.86	261.18
6.87	263.92
6.88	266.91
6.89	267.45
6.9	259.25
6.91	262.47
6.92	263.31
6.93	257.66
6.94	254.88
6.95	250.42
6.96	239.17
6.97	216.3
6.98	221.88
6.99	206.82
7	222.6
7.01	223.83
7.02	235.71
7.03	233.86
7.04	234.91
7.05	235
7.06	238.7
7.07	235.31
7.08	235.52
7.09	234.77
7.1	231.16
7.11	230.54
7.12	234.13
7.13	235.9
7.14	240.27
7.15	242.63
7.16	246.05
7.17	246.67
7.18	247.53
7.19	244.98
7.2	242.29
7.21	238.66
7.22	235.42
7.23	234.48
7.24	234.8
7.25	236.36
7.26	236.42
7.27	240.31
7.28	243
7.29	244.49
7.3	246.85
7.31	248.98
7.32	249.9
7.33	248.51
7.34	244.94
7.35	243.71
7.36	243.28
7.37	242.75
7.38	238.4
7.39	235.72
7.4	229.71
7.41	220.01
7.42	0
7.43	0
7.44	0
7.45	0
7.46	0
7.47	0
7.48	175.36
7.49	170.36
7.5	170.09
7.51	172.61
7.52	174.86
7.53	176.39
7.54	181.53
7.55	185.83
7.56	191.44
7.57	195.37
7.58	200.74
7.59	202.53
7.6	201.62
7.61	203.8
7.62	204.21
7.63	201.08
7.64	199.63
7.65	198.99
7.66	196.86
7.67	197.08
7.68	200.24
7.69	200.66
7.7	205.22
7.71	210.27
7.72	216.4
7.73	230.27
7.74	228.18
7.75	233.06
7.76	234.52
7.77	233.24
7.78	229.97
7.79	225.83
7.8	221.63
7.81	220.58
7.82	0
7.83	0
7.84	0
7.85	0
7.86	0
7.87	0
7.88	0
7.89	0
7.9	0
7.91	0
7.92	0
7.93	0
7.94	0
7.95	0
7.96	233.61
7.97	234.27
7.98	235.64
7.99	236.64
8	238.15
8.01	236.61
8.02	233.56
8.03	230.11
8.04	227.05
8.05	224.91
8.06	225.27
8.07	226.92
8.08	229.39
8.09	230.64
8.1	233.39
8.11	236.16
8.12	237.13
8.13	238.21
8.14	238.94
8.15	239.36
8.16	237.44
8.17	234.85
8.18	232.74
8.19	229.91
8.2	228.31
8.21	228.28
8.22	230.32
8.23	232.62
8.24	235.04
8.25	235.42
8.26	240.03
8.27	240.66
8.28	241.28
8.29	240.89
8.3	239.43
8.31	237.06
8.32	234.33
8.33	232.13
8.34	230.58
8.35	232.67
8.36	241.61
8.37	248.11
8.38	0
8.39	0
8.4	0
8.41	0
8.42	0
8.43	0
8.44	0
8.45	0
8.46	0
8.47	0
8.48	0
8.49	0
8.5	0
8.51	0
8.52	0
8.53	0
8.54	0
8.55	0
8.56	0
8.57	0
8.58	0
8.59	0
8.6	0
8.61	0
8.62	0
8.63	0
8.64	0
8.65	0
8.66	0
8.67	0
8.68	0
8.69	0
8.7	0
8.71	0
8.72	0
8.73	0
8.74	0
8.75	0
8.76	0
8.77	0
8.78	0
8.79	0
8.8	0
8.81	0
8.82	0
8.83	0
8.84	0
8.85	0
8.86	0
8.87	0
8.88	0
8.89	0
8.9	0
8.91	0
8.92	173.33
8.93	172.8
8.94	174.03
8.95	175.93
8.96	177.53
8.97	184.29
8.98	189.44
8.99	195.04
9	197.67
9.01	200.83
9.02	201.94
9.03	201.94
9.04	200.81
9.05	201.77
9.06	200.61
9.07	202.76
9.08	198.16
9.09	199.49
9.1	0
9.11	0
9.12	0
9.13	0
9.14	0
9.15	0
9.16	0
9.17	0
9.18	0
9.19	0
9.2	0
9.21	0
9.22	0
9.23	0
9.24	0
9.25	0
9.26	0
9.27	0
9.28	0
9.29	0
9.3	0
9.31	0
9.32	0
9.33	0
9.34	0
9.35	0
9.36	0
9.37	0
9.38	234.76
9.39	234.81
9.4	239.7
9.41	242.32
9.42	241.19
9.43	238.25
9.44	233.87
9.45	231.75
9.46	228.92
9.47	227.63
9.48	228.63
9.49	229.87
9.5	232.17
9.51	235.36
9.52	237.56
9.53	241.3
9.54	244.18
9.55	247.75
9.56	249.48
9.57	248.32
9.58	247.75
9.59	245.62
9.6	242.71
9.61	239.1
9.62	235.21
9.63	232.37
9.64	229.82
9.65	227.65
9.66	227.81
9.67	226.46
9.68	228.81
9.69	229.9
9.7	233.11
9.71	235.01
9.72	238.85
9.73	241.46
9.74	242.12
9.75	243.11
9.76	242.31
9.77	240.87
9.78	238.37
9.79	235.23
9.8	232.65
9.81	229.97
9.82	229.44
9.83	229.56
9.84	229.62
9.85	233.42
9.86	236.38
9.87	238.98
9.88	242.17
9.89	241.96
9.9	244.28
9.91	244.09
9.92	242.44
9.93	240.31
9.94	235.74
9.95	232.68
9.96	230.87
9.97	230.3
9.98	234.12
9.99	233.47
10	234.22
10.01	235.97
10.02	241.16
10.03	242.69
10.04	242.24
10.05	244.76
10.06	245.77
10.07	242.56
10.08	237.59
10.09	241.94
10.1	242.96
10.11	0
10.12	0
10.13	0
10.14	0
10.15	0
10.16	0
10.17	0
10.18	0
10.19	0
10.2	0
10.21	0
10.22	0
10.23	0
10.24	0
10.25	0
10.26	0
10.27	0
10.28	0
10.29	0
10.3	0
10.31	0
10.32	0
10.33	0
10.34	0
10.35	0
10.36	0
10.37	0
10.38	0
10.39	0
10.4	0
10.41	0
10.42	0
10.43	0
10.44	0
10.45	0
10.46	0
10.47	0
10.48	0
10.49	0
10.5	0
10.51	0
10.52	0
10.53	0
10.54	0
10.55	0
10.56	0
10.57	0
10.58	0
10.59	0
10.6	0
10.61	0
10.62	0
10.63	0
10.64	0
10.65	0
10.66	0
10.67	0
10.68	0
10.69	0
10.7	146.42
10.71	168.89
10.72	192.12
10.73	199.07
10.74	217.63
10.75	222.76
10.76	226.92
10.77	228.63
10.78	229.58
10.79	228.72
10.8	229.22
10.81	230.51
10.82	230.12
10.83	230.14
10.84	230.18
10.85	228.97
10.86	230.01
10.87	230.71
10.88	232.97
10.89	234.57
10.9	235.11
10.91	232.75
10.92	232.79
10.93	232.44
10.94	232.62
10.95	234.94
10.96	231.03
10.97	231.06
10.98	231.16
10.99	230.33
11	228.43
11.01	230.95
11.02	229.43
11.03	229.89
11.04	230.96
11.05	230.78
11.06	230.63
11.07	233.2
11.08	234.56
11.09	234.83
11.1	234.04
11.11	237.28
11.12	236.28
11.13	235.92
11.14	235.36
11.15	235.07
11.16	234.17
11.17	232.84
11.18	230.28
11.19	228.66
11.2	225.93
11.21	224.57
11.22	225.81
11.23	228.15
11.24	229.82
11.25	233.47
11.26	235.6
11.27	245.14
11.28	242.85
11.29	243.57
11.3	244.06
11.31	241.64
11.32	237.22
11.33	234.84
11.34	233.19
11.35	233.11
11.36	235.38
11.37	240.42
11.38	243.8
11.39	249.22
11.4	253.09
11.41	258.8
11.42	262.99
11.43	266.33
11.44	267.68
11.45	268.26
11.46	267.41
11.47	266.02
11.48	264.46
11.49	263.12
11.5	259.96
11.51	260.1
11.52	262.81
11.53	266.23
11.54	267.85
11.55	271.62
11.56	273.69
11.57	269.35
11.58	263.65
11.59	0
11.6	0
11.61	0
11.62	0
11.63	0
11.64	0
11.65	0
11.66	0
11.67	231.01
11.68	235.83
11.69	234.69
11.7	238.3
11.71	242.92
11.72	248.72
11.73	256.73
11.74	266.75
11.75	276.47
11.76	281.58
11.77	284.88
11.78	286.64
11.79	285.32
11.8	282.49
11.81	277.76
11.82	275.54
11.83	275.8
11.84	277.7
11.85	284.9
11.86	292.56
11.87	299.47
11.88	308.08
11.89	313.89
11.9	321.06
11.91	323.05
11.92	322.51
11.93	321.58
11.94	318.63
11.95	315.79
11.96	314.89
11.97	313.06
11.98	312.99
11.99	313.8
12	314.75
12.01	317.94
12.02	319.4
12.03	321.19
12.04	322.2
12.05	321.17
12.06	319.65
12.07	317.59
12.08	274.13
12.09	269.08
12.1	264.02
12.11	256.71
12.12	257.19
12.13	0
12.14	0
12.15	0
12.16	0
12.17	0
12.18	0
12.19	276.17
12.2	275.42
12.21	285.71
12.22	299.11
12.23	308.17
12.24	313.86
12.25	315.81
12.26	315.64
12.27	313.44
12.28	310.6
12.29	311.35
12.3	316.89
12.31	321.47
12.32	329.11
12.33	333.8
12.34	339.22
12.35	347.18
12.36	351.03
12.37	358.33
12.38	361.37
12.39	360.75
12.4	359.08
12.41	355.42
12.42	355.53
12.43	354.07
12.44	354.08
12.45	353.87
12.46	354.02
12.47	352.95
12.48	350.58
12.49	348.24
12.5	344.93
12.51	334.02
12.52	328.84
12.53	322.52
12.54	320.26
12.55	320.95
12.56	320.57
12.57	321.45
12.58	324.65
12.59	326.31
12.6	0
12.61	0
12.62	0
12.63	0
12.64	0
12.65	0
12.66	0
12.67	0
12.68	0
12.69	0
12.7	0
12.71	0
12.72	0
12.73	0
12.74	327.76
12.75	320.15
12.76	320.83
12.77	320.67
12.78	316.65
12.79	311.86
12.8	308.6
12.81	307.91
12.82	307.96
12.83	307.51
12.84	311.76
12.85	319.31
12.86	316.48
12.87	310.86
12.88	301.88
12.89	293.65
12.9	0
12.91	0
12.92	0
12.93	0
12.94	0
12.95	0
12.96	0
12.97	0
12.98	0
12.99	270.42
13	268.53
13.01	270.51
13.02	268.32
13.03	267
13.04	266.12
13.05	267.2
13.06	268.74
13.07	272.08
13.08	276.04
13.09	281.31
13.1	285.99
13.11	290.08
13.12	292.91
13.13	294.64
13.14	296.52
13.15	296.14
13.16	295.59
13.17	295.56
13.18	295.38
13.19	294.24
13.2	293.59
13.21	294.01
13.22	294.53
13.23	293.6
13.24	293.87
13.25	293.39
13.26	292.83
13.27	294.03
13.28	295.02
13.29	295.42
13.3	295.86
13.31	296.78
13.32	297.33
13.33	297.02
13.34	295.98
13.35	295.85
13.36	295.79
13.37	295.96
13.38	293.89
13.39	292.68
13.4	292.57
13.41	294.73
13.42	295.81
13.43	298.47
13.44	302.81
13.45	307.69
13.46	310.46
13.47	315.1
13.48	318.12
13.49	318.54
13.5	317.09
13.51	310.59
13.52	305.91
13.53	297.14
13.54	296.12
13.55	295.47
13.56	296.38
13.57	297.01
13.58	298.11
13.59	298.68
13.6	296.95
13.61	294.9
13.62	291.16
13.63	285.43
13.64	280.09
13.65	273.58
13.66	269.23
13.67	266.67
13.68	267.03
13.69	267.49
13.7	268.39
13.71	269.83
13.72	272.2
13.73	272.78
13.74	272.5
13.75	272.25
13.76	270.12
13.77	268.3
13.78	267.04
13.79	266.1
13.8	266.86
13.81	268.95
13.82	270.62
13.83	271.57
13.84	270.58
13.85	267.33
13.86	258.86
13.87	251.12
13.88	244.79
13.89	241.43
13.9	238.71
13.91	236.3
13.92	238.54
13.93	241.77
13.94	243.46
13.95	241.01
13.96	237.48
13.97	233.96
13.98	228.26
13.99	220
14	213.71
14.01	205.78
14.02	199.61
14.03	199.77
14.04	199.5
14.05	197.44
14.06	198.45
14.07	195.9
14.08	191.11
14.09	198.51
14.1	193.37
14.11	198.26
14.12	198.43
14.13	206.28
14.14	211.06
14.15	217.4
14.16	223.1
14.17	228.1
14.18	235.78
14.19	238.11
14.2	241.33
14.21	241.84
14.22	241.66
14.23	239.88
14.24	237.96
14.25	240.86
14.26	243.2
14.27	247.21
14.28	251.96
14.29	258.74
14.3	261.51
14.31	266.18
14.32	267.98
14.33	271.36
14.34	273.44
14.35	270.51
14.36	268.85
14.37	266.51
14.38	262.93
14.39	260.31
14.4	259.65
14.41	260.95
14.42	262.59
14.43	264.87
14.44	268.31
14.45	272.12
14.46	273.89
14.47	275.48
14.48	276.33
14.49	275.11
14.5	275.32
14.51	274.72
14.52	272.59
14.53	268.53
14.54	266.01
14.55	261.96
14.56	259.53
14.57	259.22
14.58	262.35
14.59	265.28
14.6	268.67
14.61	273.41
14.62	279.07
14.63	282.9
14.64	285.35
14.65	283.85
14.66	285.18
14.67	281.04
14.68	277.77
14.69	274.66
14.7	271.25
14.71	268.7
14.72	266.17
14.73	267.29
14.74	266.76
14.75	267.7
14.76	267.99
14.77	268.78
14.78	266
14.79	266.69
14.8	261.59
14.81	256.66
14.82	249.25
14.83	239.78
14.84	235.83
14.85	234.95
14.86	233.35
14.87	234.38
14.88	235.23
14.89	236.42
14.9	235.55
14.91	231.54
14.92	226.1
14.93	216.76
14.94	207.77
14.95	201.74
14.96	195.25
14.97	194.55
14.98	194.09
14.99	197.31
15	0
15.01	0
15.02	0
15.03	0
15.04	0
15.05	0
15.06	0
15.07	0
15.08	0
15.09	0
15.1	0
15.11	0
15.12	0
15.13	0
15.14	0
15.15	0
15.16	0
15.17	0
15.18	0
15.19	0
15.2	0
15.21	0
15.22	0
15.23	0
15.24	0
15.25	0
15.26	0
15.27	0
15.28	0
15.29	0
15.3	0
15.31	0
15.32	0
15.33	0
15.34	0
15.35	0
15.36	0
15.37	0
15.38	0
15.39	0
15.4	0
15.41	0
15.42	0
15.43	0
15.44	0
15.45	0
15.46	0
15.47	0
15.48	0
15.49	0
15.5	0
15.51	0
15.52	0
15.53	0
15.54	0
15.55	0
15.56	0
15.57	0
15.58	0
15.59	0
15.6	0
15.61	0
15.62	197.24
15.63	178.07
15.64	170.32
15.65	169.21
15.66	168.82
15.67	170.12
15.68	173.27
15.69	176.77
15.7	182.09
15.71	186.95
15.72	191.69
15.73	194.31
15.74	196.63
15.75	195.95
15.76	193.4
15.77	199.22
15.78	196.88
15.79	196.61
15.8	197.89
15.81	201.03
15.82	205.94
15.83	210.35
15.84	216.67
15.85	222.05
15.86	227.64
15.87	231.67
15.88	235.37
15.89	237.09
15.9	238.62
15.91	239.86
15.92	241.57
15.93	243.14
15.94	245.59
15.95	237.08
15.96	235.06
15.97	0
15.98	0
15.99	0
16	0
16.01	0
16.02	0
16.03	0
16.04	0
16.05	0
16.06	0
16.07	0
16.08	230.08
16.09	233.84
16.1	234.34
16.11	234
16.12	233.99
16.13	234.56
16.14	234.45
16.15	233.81
16.16	231.54
16.17	230.28
16.18	228.76
16.19	228.64
16.2	229.75
16.21	231.46
16.22	235.58
16.23	237.84
16.24	242.37
16.25	246.59
16.26	249.57
16.27	251.29
16.28	250.54
16.29	248.4
16.3	244.69
16.31	240.01
16.32	235.09
16.33	232.78
16.34	229.83
16.35	229.73
16.36	230.93
16.37	234.92
16.38	240.74
16.39	242.7
16.4	247.65
16.41	249.36
16.42	250.77
16.43	250.84
16.44	250.07
16.45	245.82
16.46	240.72
16.47	236.26
16.48	234.42
16.49	233.78
16.5	235.14
16.51	237.91
16.52	241.51
16.53	246.7
16.54	251.86
16.55	255.34
16.56	0
16.57	0
16.58	0
16.59	0
16.6	0
16.61	0
16.62	0
16.63	0
16.64	0
16.65	0
16.66	0
16.67	0
16.68	0
16.69	0
16.7	0
16.71	0
16.72	0
16.73	0
16.74	0
16.75	0
16.76	0
16.77	0
16.78	0
16.79	0
16.8	0
16.81	0
16.82	0
16.83	0
16.84	0
16.85	0
16.86	0
16.87	0
16.88	0
16.89	0
16.9	0
16.91	0
16.92	0
16.93	0
16.94	0
16.95	0
16.96	0
16.97	0
16.98	0
16.99	0
17	0
17.01	0
17.02	0
17.03	0
17.04	177.73
17.05	174.15
17.06	172.93
17.07	175.03
17.08	174.16
17.09	173.56
17.1	174.17
17.11	177.5
17.12	181
17.13	185.43
17.14	190.16
17.15	193.52
17.16	196.27
17.17	197.8
17.18	198.77
17.19	199.34
17.2	201.57
17.21	199.19
17.22	200.7
17.23	197.96
17.24	203.19
17.25	207.4
17.26	212.01
17.27	228.02
17.28	229.87
17.29	229.97
17.3	234.46
17.31	235.27
17.32	236.62
17.33	237.17
17.34	236.9
17.35	235.24
17.36	236.19
17.37	236.68
17.38	237.12
17.39	232.5
17.4	231.25
17.41	228.49
17.42	228.81
17.43	228.87
17.44	230.27
17.45	232.25
17.46	235.18
17.47	237.77
17.48	246.19
17.49	244.58
17.5	243.62
17.51	242.74
17.52	241.61
17.53	238.66
17.54	235.56
17.55	232.73
17.56	230.57
17.57	231.03
17.58	231.88
17.59	233.87
17.6	237.24
17.61	242.12
17.62	244.11
17.63	247.57
17.64	249.32
17.65	249.55
17.66	249.27
17.67	248.18
17.68	247.41
17.69	242.05
17.7	237.42
17.71	234.54
17.72	230.64
17.73	228.53
17.74	228.11
17.75	232.81
17.76	236.1
17.77	240.31
17.78	242.49
17.79	244.75
17.8	248.3
17.81	249.23
17.82	248.68
17.83	248.04
17.84	245.78
17.85	242.52
17.86	239.48
17.87	238.26
17.88	239.14
17.89	238.97
17.9	242.9
17.91	0
17.92	0
17.93	0
17.94	0
17.95	0
17.96	0
17.97	0
17.98	0
17.99	0
18	0
18.01	0
18.02	0
18.03	0
18.04	0
18.05	0
18.06	0
18.07	0
18.08	0
18.09	0
18.1	0
18.11	0
18.12	0
18.13	0
18.14	0
18.15	0
18.16	0
18.17	0
18.18	0
18.19	0
18.2	0
18.21	0
18.22	0
18.23	0
18.24	0
18.25	0
18.26	0
18.27	0
18.28	0
18.29	0
18.3	0
18.31	0
18.32	0
18.33	0
18.34	0
18.35	0
18.36	0
18.37	0
18.38	0
18.39	0
18.4	0
18.41	0
18.42	0
18.43	0
18.44	0
18.45	0
18.46	0
18.47	218.07
18.48	205.58
18.49	200.21
18.5	197.31
18.51	196.76
18.52	198.08
18.53	198.56
18.54	199.97
18.55	200.41
18.56	201.18
18.57	204.54
18.58	205.52
18.59	205.36
18.6	206.44
18.61	205.99
18.62	205.08
18.63	202.95
18.64	203.59
18.65	207.51
18.66	209.2
18.67	216.55
18.68	225.09
18.69	231.31
18.7	235.43
18.71	237.79
18.72	237.41
18.73	235.14
18.74	232.73
18.75	236.44
18.76	241.84
18.77	248.2
18.78	255.72
18.79	263.37
18.8	272.46
18.81	275.5
18.82	277.73
18.83	277.48
18.84	275.46
18.85	272.77
18.86	269.12
18.87	268.47
18.88	268.3
18.89	267.93
18.9	267.57
18.91	271.03
18.92	269.71
18.93	269.65
18.94	267.46
18.95	266.71
18.96	265.99
18.97	265.98
18.98	266.51
18.99	266.99
19	266.68
19.01	266.91
19.02	267.44
19.03	267.86
19.04	267.87
19.05	267.57
19.06	267.48
19.07	267.47
19.08	267.12
19.09	267.16
19.1	267.3
19.11	266.68
19.12	266.57
19.13	266.76
19.14	266.62
19.15	266.91
19.16	265.57
19.17	265.38
19.18	264.96
19.19	264.74
19.2	265.97
19.21	267.27
19.22	268.66
19.23	271.71
19.24	272.52
19.25	274.39
19.26	274.89
19.27	275.04
19.28	275
19.29	273.54
19.3	269.35
19.31	265.63
19.32	259.55
19.33	253.06
19.34	249.37
19.35	0
19.36	0
19.37	0
19.38	0
19.39	0
19.4	0
19.41	0
19.42	0
19.43	0
19.44	0
19.45	0
19.46	0
19.47	0
19.48	0
19.49	0
19.5	0
19.51	0
19.52	0
19.53	0
19.54	0
19.55	0
19.56	0
19.57	0
19.58	0
19.59	0
19.6	0
19.61	0
19.62	0
19.63	0
19.64	0
19.65	0
19.66	0
19.67	0
19.68	0
19.69	0
19.7	0
19.71	0
19.72	0
19.73	0
19.74	0
19.75	0
19.76	0
19.77	0
19.78	0
19.79	206.49
19.8	194.63
19.81	185.52
19.82	178.91
19.83	178.72
19.84	180.19
19.85	181.24
19.86	180.43
19.87	178.78
19.88	181.43
19.89	183.6
19.9	186.54
19.91	180.85
19.92	179.99
19.93	179.38
19.94	180.18
19.95	183.09
19.96	186.7
19.97	189.43
19.98	191.96
19.99	195.3
20	198.49
20.01	200.89
20.02	203.82
20.03	203.89
20.04	204
20.05	202.96
20.06	200.02
20.07	200.16
20.08	200.25
20.09	202.52
20.1	202.82
20.11	210.52
20.12	0
20.13	0
20.14	0
20.15	234.23
20.16	241.56
20.17	244.48
20.18	246.54
20.19	246.14
20.2	244.97
20.21	242.05
20.22	235.95
20.23	0
20.24	0
20.25	0
20.26	0
20.27	0
20.28	0
20.29	0
20.3	0
20.31	0
20.32	0
20.33	0
20.34	0
20.35	261.21
20.36	257.9
20.37	259.79
20.38	263.03
20.39	272.25
20.4	273.96
20.41	273.55
20.42	270.39
20.43	267.36
20.44	264.34
20.45	263.01
20.46	260.76
20.47	258.27
20.48	257.53
20.49	256.02
20.5	256.74
20.51	258
20.52	260.33
20.53	264.11
20.54	266.25
20.55	269.18
20.56	274.31
20.57	275.8
20.58	276.28
20.59	275.84
20.6	276.24
20.61	274.94
20.62	271.97
20.63	268.47
20.64	266.27
20.65	260.71
20.66	257.18
20.67	256.39
20.68	256.08
20.69	256
20.7	259.37
20.71	261.11
20.72	265.46
20.73	268.87
20.74	271.6
20.75	274.73
20.76	275.95
20.77	275.52
20.78	273.93
20.79	269.26
20.8	266.35
20.81	260.52
20.82	257.36
20.83	256.61
20.84	256.62
20.85	257.12
20.86	259.63
20.87	265.12
20.88	268.63
20.89	272.81
20.9	275.54
20.91	277.4
20.92	277.73
20.93	276.63
20.94	273.32
20.95	265.78
20.96	259.68
20.97	0
20.98	0
20.99	0
21	0
21.01	0
21.02	0
21.03	0
21.04	0
21.05	0
21.06	0
21.07	0
21.08	0
21.09	0
21.1	0
21.11	0
21.12	0
21.13	0
21.14	0
21.15	0
21.16	0
21.17	0
21.18	0
21.19	0
21.2	0
21.21	0
21.22	0
21.23	0
21.24	0
21.25	0
21.26	0
21.27	0
21.28	0
21.29	0
21.3	0
21.31	0
21.32	0
21.33	0
21.34	0
21.35	0
21.36	0
21.37	0
21.38	0
21.39	0
21.4	0
21.41	0
21.42	0
21.43	0
21.44	0
21.45	0
21.46	0
21.47	0
21.48	0
21.49	0
21.5	435.37
21.51	428.44
21.52	433.42
21.53	421.26
21.54	410.05
21.55	395.47
21.56	373
21.57	344.46
21.58	316.69
21.59	286.87
21.6	279.04
21.61	284.93
21.62	289.74
21.63	296.27
21.64	300.08
21.65	305.65
21.66	309.71
21.67	313.19
21.68	317.42
21.69	318.35
21.7	318.49
21.71	315.7
21.72	313.62
21.73	310.84
21.74	307.97
21.75	311.99
21.76	310.38
21.77	308.77
21.78	307.8
21.79	309.4
21.8	309.43
21.81	309.34
21.82	310.18
21.83	308.05
21.84	305.03
21.85	303.47
21.86	301.34
21.87	302.12
21.88	302.34
21.89	301.81
21.9	301.08
21.91	302.06
21.92	301.46
21.93	301.1
21.94	301.65
21.95	301.28
21.96	303.07
21.97	301.38
21.98	301.69
21.99	299.05
22	294.47
22.01	287.36
22.02	278.17
22.03	270.57
22.04	263.68
22.05	260.69
22.06	267.7
22.07	270.26
22.08	274.5
22.09	274.53
22.1	271.62
22.11	269.81
22.12	266.98
22.13	0
22.14	0
22.15	0
22.16	0
22.17	0
22.18	0
22.19	0
22.2	0
22.21	0
22.22	0
22.23	0
22.24	0
22.25	0
22.26	0
22.27	0
22.28	0
22.29	234.72
22.3	232.92
22.31	230.81
22.32	230.21
22.33	227.87
22.34	223.01
22.35	221.41
22.36	220.99
22.37	221.63
22.38	224.05
22.39	228.44
22.4	233.76
22.41	236.62
22.42	239.96
22.43	242.91
22.44	243.12
22.45	241.93
22.46	238.82
22.47	233.68
22.48	230.99
22.49	227.09
22.5	227.78
22.51	229.89
22.52	234.47
22.53	235.92
22.54	248.07
22.55	249.65
22.56	250.19
22.57	249.42
22.58	239.31
22.59	232.21
22.6	221.33
22.61	0
22.62	0
22.63	0
22.64	0
22.65	0
22.66	0
22.67	0
22.68	0
22.69	0
22.7	0
22.71	0
22.72	197.41
22.73	190.72
22.74	189.77
22.75	190.97
22.76	194.68
22.77	195.38
22.78	195.83
22.79	193.18
22.8	191.36
22.81	193.16
22.82	193.82
22.83	194.54
22.84	196.6
22.85	202.2
22.86	192.12
22.87	0
22.88	0
22.89	0
22.9	0
22.91	0
22.92	0
22.93	0
22.94	0
22.95	0
22.96	0
22.97	0
22.98	234.3
22.99	234.23
23	236.45
23.01	236.09
23.02	232.65
23.03	0
23.04	0
23.05	0
23.06	0
23.07	0
23.08	0
23.09	0
23.1	0
23.11	0
23.12	0
23.13	0
23.14	0
23.15	0
23.16	0
23.17	0
23.18	0
23.19	0
23.2	0
23.21	220.98
23.22	237.15
23.23	235.56
23.24	235.2
23.25	235.31
23.26	235.42
23.27	233.9
23.28	232.76
23.29	229.68
23.3	230.07
23.31	228.52
23.32	228.4
23.33	229.82
23.34	231.33
23.35	234.35
23.36	236.73
23.37	241.24
23.38	243.27
23.39	244.31
23.4	245.81
23.41	244.41
23.42	240.57
23.43	237.59
23.44	233.96
23.45	230.3
23.46	228.48
23.47	229.73
23.48	231.14
23.49	235.47
23.5	239.93
23.51	243.32
23.52	248.77
23.53	250.34
23.54	250.74
23.55	249.88
23.56	244.53
23.57	245.07
23.58	239.44
23.59	235.82
23.6	235.64
23.61	0
23.62	0
23.63	0
23.64	0
23.65	0
23.66	0
23.67	0
23.68	0
23.69	0
23.7	0
23.71	0
23.72	0
23.73	0
23.74	0
23.75	0
23.76	0
23.77	0
23.78	0
23.79	0
23.8	0
23.81	0
23.82	0
23.83	0
23.84	0
23.85	0
23.86	0
23.87	0
23.88	0
23.89	0
23.9	166.2
23.91	165.88
23.92	165.07
23.93	161.6
23.94	160.7
23.95	162.7
23.96	160.6
23.97	160.6
23.98	158.66
23.99	154.55
24	154.41
24.01	153.74
24.02	155.17
24.03	152.15
24.04	152.15
24.05	156.99
24.06	157.52
24.07	154.39
24.08	153.19
24.09	156.13
24.1	155.79
24.11	157.21
24.12	160.15
24.13	161.06
24.14	167.09
24.15	169.43
24.16	172.14
24.17	173.74
24.18	177.01
24.19	177.84
24.2	178.46
24.21	180.52
24.22	181.75
24.23	186.78
24.24	188.93
24.25	192.06
24.26	195.18
24.27	198.01
24.28	200.2
24.29	198.36
24.3	0
24.31	0
24.32	0
24.33	0
24.34	0
24.35	0
24.36	0
24.37	0
24.38	0
24.39	0
24.4	0
24.41	0
24.42	254.34
24.43	241.44
24.44	233.6
24.45	229.46
24.46	227.81
24.47	227.46
24.48	229.49
24.49	235.98
24.5	243.83
24.51	243.12
24.52	243.52
24.53	245.27
24.54	0
24.55	0
24.56	0
24.57	0
24.58	0
24.59	0
24.6	0
24.61	0
24.62	0
24.63	0
24.64	248.42
24.65	247.92
24.66	237.28
24.67	234.91
24.68	234.24
24.69	234.89
24.7	236.58
24.71	238.79
24.72	242.08
24.73	245.01
24.74	247.75
24.75	250.01
24.76	252.8
24.77	257.58
24.78	259.61
24.79	264.47
24.8	266.65
24.81	266.64
24.82	266.65
24.83	267.46
24.84	267.65
24.85	266.83
24.86	266.15
24.87	266.37
24.88	265.32
24.89	265.05
24.9	264.48
24.91	265.53
24.92	266.05
24.93	266.75
24.94	268.5
24.95	269.95
24.96	270.37
24.97	272.45
24.98	276.27
24.99	283.52
25	294.08
25.01	298.96
25.02	298.96
25.03	309.52
25.04	309.84
25.05	0
25.06	0
25.07	0
25.08	0
25.09	0
25.1	0
25.11	244.82
25.12	241.21
25.13	235.31
25.14	233.63
25.15	234.11
25.16	234.37
25.17	235.82
25.18	237.14
25.19	237.04
25.2	236.11
25.21	234.1
25.22	231.7
25.23	229.34
25.24	228.66
25.25	229.94
25.26	232.7
25.27	235
25.28	237.6
25.29	241.26
25.3	243.95
25.31	246.75
25.32	245.81
25.33	247.8
25.34	245.5
25.35	242.76
25.36	238.24
25.37	234.64
25.38	230.11
25.39	227.81
25.4	233.62
25.41	235.08
25.42	237.46
25.43	241.78
25.44	245.59
25.45	248.35
25.46	250.13
25.47	250.21
25.48	248.5
25.49	242.8
25.5	240.73
25.51	235.92
25.52	0
25.53	0
25.54	0
25.55	0
25.56	0
25.57	0
25.58	0
25.59	0
25.6	0
25.61	0
25.62	0
25.63	0
25.64	0
25.65	0
25.66	0
25.67	0
25.68	0
25.69	0
25.7	0
25.71	0
