0	0
0.01	0
0.02	0
0.03	0
0.04	0
0.05	0
0.06	0
0.07	0
0.08	0
0.09	0
0.1	0
0.11	0
0.12	0
0.13	0
0.14	0
0.15	0
0.16	0
0.17	0
0.18	0
0.19	0
0.2	0
0.21	0
0.22	0
0.23	0
0.24	0
0.25	0
0.26	0
0.27	0
0.28	0
0.29	0
0.3	0
0.31	0
0.32	0
0.33	0
0.34	0
0.35	0
0.36	0
0.37	0
0.38	0
0.39	0
0.4	0
0.41	0
0.42	0
0.43	0
0.44	0
0.45	0
0.46	0
0.47	0
0.48	0
0.49	0
0.5	0
0.51	0
0.52	0
0.53	0
0.54	0
0.55	0
0.56	0
0.57	0
0.58	0
0.59	0
0.6	0
0.61	0
0.62	0
0.63	0
0.64	0
0.65	0
0.66	0
0.67	0
0.68	0
0.69	0
0.7	0
0.71	0
0.72	0
0.73	0
0.74	0
0.75	0
0.76	0
0.77	0
0.78	0
0.79	0
0.8	0
0.81	0
0.82	0
0.83	0
0.84	0
0.85	0
0.86	0
0.87	0
0.88	0
0.89	0
0.9	0
0.91	0
0.92	0
0.93	0
0.94	0
0.95	0
0.96	0
0.97	0
0.98	0
0.99	0
1	0
1.01	0
1.02	0
1.03	0
1.04	0
1.05	0
1.06	0
1.07	0
1.08	0
1.09	0
1.1	0
1.11	0
1.12	0
1.13	0
1.14	0
1.15	440
1.16	440
1.17	440
1.18	440
1.19	440
1.2	440
1.21	440
1.22	440
1.23	440
1.24	440
1.25	440
1.26	440
1.27	440
1.28	440
1.29	440
1.3	440
1.31	0
1.32	0
1.33	0
1.34	0
1.35	0
1.36	0
1.37	0
1.38	0
1.39	0
1.4	0
1.41	0
1.42	0
1.43	0
1.44	0
1.45	0
1.46	0
1.47	0
1.48	0
1.49	440
1.5	440
1.51	440
1.52	440
1.53	440
1.54	440
1.55	440
1.56	440
1.57	440
1.58	440
1.59	440
1.6	440
1.61	440
1.62	440
1.63	440
1.64	440
1.65	440
1.66	440
1.67	440
1.68	0
1.69	0
1.7	0
1.71	0
1.72	0
1.73	0
1.74	0
1.75	0
1.76	0
1.77	0
1.78	0
1.79	0
1.8	0
1.81	0
1.82	0
1.83	0
1.84	0
1.85	0
1.86	0
1.87	0
1.88	440
1.89	440
1.9	440
1.91	440
1.92	440
1.93	440
1.94	440
1.95	440
1.96	440
1.97	440
1.98	440
1.99	440
2	440
2.01	440
2.02	440
2.03	440
2.04	440
2.05	0
2.06	0
2.07	0
2.08	0
2.09	0
2.1	0
2.11	0
2.12	0
2.13	0
2.14	0
2.15	0
2.16	0
2.17	0
2.18	0
2.19	0
2.2	0
2.21	0
2.22	415.3
2.23	415.3
2.24	415.3
2.25	415.3
2.26	415.3
2.27	415.3
2.28	415.3
2.29	415.3
2.3	415.3
2.31	415.3
2.32	415.3
2.33	415.3
2.34	415.3
2.35	415.3
2.36	415.3
2.37	415.3
2.38	415.3
2.39	415.3
2.4	415.3
2.41	415.3
2.42	415.3
2.43	415.3
2.44	415.3
2.45	415.3
2.46	415.3
2.47	415.3
2.48	415.3
2.49	0
2.5	0
2.51	0
2.52	0
2.53	0
2.54	0
2.55	0
2.56	0
2.57	0
2.58	0
2.59	0
2.6	0
2.61	0
2.62	0
2.63	0
2.64	0
2.65	0
2.66	0
2.67	0
2.68	415.3
2.69	415.3
2.7	415.3
2.71	415.3
2.72	415.3
2.73	415.3
2.74	415.3
2.75	415.3
2.76	415.3
2.77	415.3
2.78	415.3
2.79	415.3
2.8	415.3
2.81	415.3
2.82	415.3
2.83	415.3
2.84	415.3
2.85	415.3
2.86	415.3
2.87	415.3
2.88	415.3
2.89	415.3
2.9	415.3
2.91	415.3
2.92	415.3
2.93	415.3
2.94	415.3
2.95	415.3
2.96	415.3
2.97	415.3
2.98	415.3
2.99	415.3
3	415.3
3.01	415.3
3.02	415.3
3.03	415.3
3.04	415.3
3.05	415.3
3.06	415.3
3.07	415.3
3.08	415.3
3.09	0
3.1	0
3.11	0
3.12	0
3.13	0
3.14	0
3.15	0
3.16	0
3.17	0
3.18	0
3.19	0
3.2	0
3.21	0
3.22	0
3.23	0
3.24	0
3.25	0
3.26	0
3.27	0
3.28	440
3.29	440
3.3	440
3.31	440
3.32	440
3.33	440
3.34	440
3.35	440
3.36	440
3.37	440
3.38	440
3.39	440
3.4	440
3.41	440
3.42	440
3.43	440
3.44	440
3.45	440
3.46	440
3.47	440
3.48	440
3.49	440
3.5	440
3.51	440
3.52	440
3.53	440
3.54	440
3.55	440
3.56	440
3.57	440
3.58	440
3.59	440
3.6	440
3.61	440
3.62	440
3.63	440
3.64	440
3.65	440
3.66	440
3.67	440
3.68	440
3.69	440
3.7	440
3.71	440
3.72	440
3.73	440
3.74	440
3.75	440
3.76	440
3.77	440
3.78	440
3.79	440
3.8	440
3.81	440
3.82	440
3.83	440
3.84	440
3.85	440
3.86	440
3.87	440
3.88	440
3.89	440
3.9	440
3.91	440
3.92	440
3.93	440
3.94	440
3.95	440
3.96	440
3.97	440
3.98	440
3.99	440
4	440
4.01	440
4.02	0
4.03	0
4.04	0
4.05	0
4.06	0
4.07	0
4.08	0
4.09	0
4.1	0
4.11	0
4.12	0
4.13	0
4.14	0
4.15	0
4.16	0
4.17	0
4.18	0
4.19	0
4.2	0
4.21	0
4.22	0
4.23	0
4.24	0
4.25	0
4.26	0
4.27	0
4.28	0
4.29	0
4.3	0
4.31	0
4.32	0
4.33	0
4.34	0
4.35	0
4.36	0
4.37	0
4.38	0
4.39	0
4.4	0
4.41	0
4.42	0
4.43	0
4.44	0
4.45	0
4.46	0
4.47	0
4.48	0
4.49	0
4.5	0
4.51	0
4.52	0
4.53	0
4.54	0
4.55	0
4.56	0
4.57	0
4.58	0
4.59	0
4.6	0
4.61	0
4.62	0
4.63	0
4.64	0
4.65	0
4.66	0
4.67	0
4.68	0
4.69	0
4.7	0
4.71	0
4.72	0
4.73	0
4.74	0
4.75	0
4.76	0
4.77	0
4.78	0
4.79	0
4.8	0
4.81	0
4.82	0
4.83	0
4.84	0
4.85	0
4.86	0
4.87	0
4.88	0
4.89	0
4.9	0
4.91	0
4.92	0
4.93	0
4.94	0
4.95	0
4.96	0
4.97	0
4.98	0
4.99	0
5	0
5.01	0
5.02	587.33
5.03	587.33
5.04	587.33
5.05	587.33
5.06	587.33
5.07	587.33
5.08	587.33
5.09	587.33
5.1	587.33
5.11	587.33
5.12	587.33
5.13	587.33
5.14	587.33
5.15	587.33
5.16	587.33
5.17	587.33
5.18	587.33
5.19	587.33
5.2	587.33
5.21	587.33
5.22	587.33
5.23	587.33
5.24	587.33
5.25	587.33
5.26	587.33
5.27	587.33
5.28	587.33
5.29	0
5.3	0
5.31	0
5.32	0
5.33	0
5.34	0
5.35	0
5.36	0
5.37	0
5.38	0
5.39	587.33
5.4	587.33
5.41	587.33
5.42	587.33
5.43	587.33
5.44	587.33
5.45	587.33
5.46	587.33
5.47	587.33
5.48	587.33
5.49	587.33
5.5	587.33
5.51	587.33
5.52	587.33
5.53	587.33
5.54	587.33
5.55	587.33
5.56	587.33
5.57	587.33
5.58	587.33
5.59	587.33
5.6	587.33
5.61	587.33
5.62	587.33
5.63	587.33
5.64	587.33
5.65	587.33
5.66	587.33
5.67	587.33
5.68	587.33
5.69	587.33
5.7	587.33
5.71	587.33
5.72	587.33
5.73	587.33
5.74	587.33
5.75	587.33
5.76	587.33
5.77	587.33
5.78	587.33
5.79	587.33
5.8	587.33
5.81	587.33
5.82	587.33
5.83	587.33
5.84	587.33
5.85	587.33
5.86	587.33
5.87	587.33
5.88	587.33
5.89	587.33
5.9	587.33
5.91	587.33
5.92	587.33
5.93	587.33
5.94	587.33
5.95	587.33
5.96	587.33
5.97	0
5.98	0
5.99	0
6	0
6.01	0
6.02	0
6.03	0
6.04	0
6.05	0
6.06	0
6.07	0
6.08	0
6.09	0
6.1	0
6.11	587.33
6.12	587.33
6.13	587.33
6.14	587.33
6.15	587.33
6.16	587.33
6.17	587.33
6.18	587.33
6.19	587.33
6.2	587.33
6.21	587.33
6.22	587.33
6.23	587.33
6.24	587.33
6.25	587.33
6.26	587.33
6.27	587.33
6.28	587.33
6.29	587.33
6.3	587.33
6.31	587.33
6.32	587.33
6.33	587.33
6.34	587.33
6.35	587.33
6.36	587.33
6.37	587.33
6.38	587.33
6.39	587.33
6.4	587.33
6.41	587.33
6.42	587.33
6.43	587.33
6.44	587.33
6.45	587.33
6.46	587.33
6.47	587.33
6.48	587.33
6.49	587.33
6.5	587.33
6.51	587.33
6.52	587.33
6.53	587.33
6.54	587.33
6.55	587.33
6.56	587.33
6.57	587.33
6.58	587.33
6.59	587.33
6.6	587.33
6.61	587.33
6.62	587.33
6.63	587.33
6.64	587.33
6.65	587.33
6.66	587.33
6.67	587.33
6.68	587.33
6.69	587.33
6.7	587.33
6.71	587.33
6.72	587.33
6.73	587.33
6.74	587.33
6.75	587.33
6.76	587.33
6.77	587.33
6.78	554.37
6.79	554.37
6.8	554.37
6.81	554.37
6.82	554.37
6.83	554.37
6.84	554.37
6.85	554.37
6.86	554.37
6.87	554.37
6.88	554.37
6.89	554.37
6.9	554.37
6.91	554.37
6.92	554.37
6.93	554.37
6.94	554.37
6.95	554.37
6.96	554.37
6.97	554.37
6.98	554.37
6.99	554.37
7	554.37
7.01	554.37
7.02	554.37
7.03	554.37
7.04	554.37
7.05	554.37
7.06	554.37
7.07	554.37
7.08	554.37
7.09	554.37
7.1	554.37
7.11	554.37
7.12	554.37
7.13	554.37
7.14	554.37
7.15	554.37
7.16	554.37
7.17	554.37
7.18	554.37
7.19	554.37
7.2	554.37
7.21	554.37
7.22	554.37
7.23	554.37
7.24	554.37
7.25	554.37
7.26	554.37
7.27	554.37
7.28	554.37
7.29	554.37
7.3	554.37
7.31	554.37
7.32	554.37
7.33	554.37
7.34	554.37
7.35	554.37
7.36	554.37
7.37	0
7.38	0
7.39	0
7.4	0
7.41	0
7.42	0
7.43	0
7.44	0
7.45	0
7.46	0
7.47	0
7.48	0
7.49	0
7.5	0
7.51	0
7.52	0
7.53	554.37
7.54	554.37
7.55	554.37
7.56	554.37
7.57	554.37
7.58	554.37
7.59	554.37
7.6	554.37
7.61	554.37
7.62	554.37
7.63	554.37
7.64	554.37
7.65	554.37
7.66	554.37
7.67	554.37
7.68	554.37
7.69	554.37
7.7	554.37
7.71	554.37
7.72	554.37
7.73	554.37
7.74	554.37
7.75	554.37
7.76	554.37
7.77	554.37
7.78	554.37
7.79	554.37
7.8	554.37
7.81	554.37
7.82	554.37
7.83	554.37
7.84	554.37
7.85	554.37
7.86	554.37
7.87	554.37
7.88	554.37
7.89	554.37
7.9	554.37
7.91	554.37
7.92	0
7.93	493.88
7.94	493.88
7.95	493.88
7.96	493.88
7.97	493.88
7.98	493.88
7.99	493.88
8	493.88
8.01	493.88
8.02	493.88
8.03	493.88
8.04	493.88
8.05	493.88
8.06	493.88
8.07	493.88
8.08	493.88
8.09	493.88
8.1	493.88
8.11	493.88
8.12	493.88
8.13	493.88
8.14	493.88
8.15	493.88
8.16	493.88
8.17	493.88
8.18	493.88
8.19	493.88
8.2	493.88
8.21	493.88
8.22	493.88
8.23	0
8.24	554.37
8.25	554.37
8.26	554.37
8.27	554.37
8.28	554.37
8.29	554.37
8.3	554.37
8.31	554.37
8.32	554.37
8.33	554.37
8.34	554.37
8.35	554.37
8.36	554.37
8.37	554.37
8.38	554.37
8.39	554.37
8.4	554.37
8.41	554.37
8.42	554.37
8.43	554.37
8.44	554.37
8.45	554.37
8.46	554.37
8.47	554.37
8.48	554.37
8.49	554.37
8.5	554.37
8.51	554.37
8.52	554.37
8.53	554.37
8.54	554.37
8.55	554.37
8.56	554.37
8.57	554.37
8.58	554.37
8.59	554.37
8.6	554.37
8.61	554.37
8.62	554.37
8.63	554.37
8.64	554.37
8.65	554.37
8.66	554.37
8.67	554.37
8.68	554.37
8.69	554.37
8.7	554.37
8.71	554.37
8.72	554.37
8.73	554.37
8.74	554.37
8.75	554.37
8.76	554.37
8.77	554.37
8.78	554.37
8.79	554.37
8.8	554.37
8.81	554.37
8.82	554.37
8.83	554.37
8.84	554.37
8.85	554.37
8.86	554.37
8.87	554.37
8.88	554.37
8.89	554.37
8.9	554.37
8.91	554.37
8.92	554.37
8.93	554.37
8.94	554.37
8.95	554.37
8.96	554.37
8.97	554.37
8.98	554.37
8.99	554.37
9	554.37
9.01	554.37
9.02	554.37
9.03	554.37
9.04	554.37
9.05	554.37
9.06	554.37
9.07	554.37
9.08	554.37
9.09	554.37
9.1	554.37
9.11	554.37
9.12	554.37
9.13	554.37
9.14	554.37
9.15	554.37
9.16	554.37
9.17	554.37
9.18	554.37
9.19	554.37
9.2	554.37
9.21	554.37
9.22	554.37
9.23	554.37
9.24	554.37
9.25	554.37
9.26	554.37
9.27	554.37
9.28	554.37
9.29	554.37
9.3	554.37
9.31	554.37
9.32	554.37
9.33	554.37
9.34	554.37
9.35	554.37
9.36	554.37
9.37	554.37
9.38	554.37
9.39	554.37
9.4	554.37
9.41	554.37
9.42	0
9.43	0
9.44	0
9.45	0
9.46	0
9.47	0
9.48	0
9.49	0
9.5	0
9.51	0
9.52	0
9.53	0
9.54	0
9.55	0
9.56	0
9.57	0
9.58	0
9.59	0
9.6	0
9.61	0
9.62	0
9.63	0
9.64	0
9.65	0
9.66	0
9.67	0
9.68	0
9.69	0
9.7	0
9.71	0
9.72	0
9.73	0
9.74	0
9.75	0
9.76	0
9.77	0
9.78	0
9.79	0
9.8	0
9.81	0
9.82	0
9.83	0
9.84	0
9.85	0
9.86	0
9.87	0
9.88	0
9.89	0
9.9	0
9.91	0
9.92	0
9.93	0
9.94	0
9.95	0
9.96	0
9.97	0
9.98	0
9.99	0
10	0
10.01	0
10.02	0
10.03	0
10.04	0
10.05	0
10.06	0
10.07	0
10.08	0
10.09	0
10.1	0
10.11	0
10.12	0
10.13	0
10.14	0
10.15	0
10.16	0
10.17	0
10.18	0
10.19	0
10.2	0
10.21	0
10.22	0
10.23	0
10.24	0
10.25	0
10.26	0
10.27	0
10.28	0
10.29	0
10.3	0
10.31	0
10.32	0
10.33	0
10.34	0
10.35	0
10.36	0
10.37	0
10.38	0
10.39	0
10.4	0
10.41	0
10.42	0
10.43	0
10.44	0
10.45	0
10.46	0
10.47	0
10.48	0
10.49	0
10.5	0
10.51	0
10.52	0
10.53	0
10.54	0
10.55	0
10.56	0
10.57	0
10.58	0
10.59	0
10.6	0
10.61	0
10.62	0
10.63	0
10.64	0
10.65	0
10.66	0
10.67	0
10.68	0
10.69	0
10.7	0
10.71	0
10.72	0
10.73	0
10.74	0
10.75	0
10.76	0
10.77	0
10.78	0
10.79	0
10.8	0
10.81	0
10.82	0
10.83	0
10.84	0
10.85	0
10.86	0
10.87	0
10.88	0
10.89	0
10.9	0
10.91	0
10.92	0
10.93	0
10.94	0
10.95	0
10.96	0
10.97	0
10.98	0
10.99	0
11	0
11.01	0
11.02	0
11.03	0
11.04	0
11.05	0
11.06	0
11.07	0
11.08	0
11.09	0
11.1	0
11.11	0
11.12	0
11.13	0
11.14	0
11.15	0
11.16	0
11.17	0
11.18	0
11.19	0
11.2	0
11.21	0
11.22	0
11.23	0
11.24	0
11.25	0
11.26	0
11.27	0
11.28	0
11.29	0
11.3	0
11.31	0
11.32	0
11.33	0
11.34	0
11.35	0
11.36	0
11.37	0
11.38	0
11.39	0
11.4	0
11.41	0
11.42	0
11.43	0
11.44	0
11.45	0
11.46	0
11.47	0
11.48	0
11.49	0
11.5	0
11.51	0
11.52	0
11.53	0
11.54	0
11.55	0
11.56	0
11.57	0
11.58	0
11.59	0
11.6	0
11.61	0
11.62	0
11.63	0
11.64	0
11.65	0
11.66	0
11.67	0
11.68	0
11.69	0
11.7	0
11.71	0
11.72	0
11.73	0
11.74	0
11.75	0
11.76	0
11.77	0
11.78	0
11.79	0
11.8	0
11.81	0
11.82	0
11.83	0
11.84	0
11.85	0
11.86	0
11.87	0
11.88	0
11.89	0
11.9	0
11.91	0
11.92	0
11.93	0
11.94	0
11.95	0
11.96	0
11.97	0
11.98	0
11.99	0
12	0
12.01	0
12.02	0
12.03	0
12.04	0
12.05	0
12.06	0
12.07	0
12.08	0
12.09	0
12.1	0
12.11	0
12.12	0
12.13	0
12.14	0
12.15	0
12.16	0
12.17	0
12.18	0
12.19	0
12.2	0
12.21	0
12.22	0
12.23	0
12.24	0
12.25	0
12.26	0
12.27	0
12.28	0
12.29	0
12.3	0
12.31	0
12.32	0
12.33	0
12.34	0
12.35	0
12.36	0
12.37	0
12.38	0
12.39	0
12.4	0
12.41	0
12.42	0
12.43	0
12.44	0
12.45	440
12.46	440
12.47	440
12.48	440
12.49	440
12.5	440
12.51	440
12.52	440
12.53	440
12.54	440
12.55	440
12.56	440
12.57	440
12.58	440
12.59	440
12.6	440
12.61	440
12.62	440
12.63	440
12.64	440
12.65	440
12.66	440
12.67	440
12.68	0
12.69	0
12.7	0
12.71	0
12.72	0
12.73	0
12.74	0
12.75	0
12.76	0
12.77	0
12.78	0
12.79	0
12.8	0
12.81	0
12.82	0
12.83	440
12.84	440
12.85	440
12.86	440
12.87	440
12.88	440
12.89	440
12.9	440
12.91	440
12.92	440
12.93	440
12.94	440
12.95	440
12.96	440
12.97	440
12.98	440
12.99	440
13	440
13.01	440
13.02	440
13.03	440
13.04	0
13.05	0
13.06	0
13.07	0
13.08	0
13.09	0
13.1	0
13.11	0
13.12	0
13.13	0
13.14	0
13.15	0
13.16	0
13.17	415.3
13.18	415.3
13.19	415.3
13.2	415.3
13.21	415.3
13.22	415.3
13.23	415.3
13.24	415.3
13.25	415.3
13.26	415.3
13.27	415.3
13.28	415.3
13.29	415.3
13.3	415.3
13.31	415.3
13.32	415.3
13.33	415.3
13.34	415.3
13.35	415.3
13.36	415.3
13.37	415.3
13.38	415.3
13.39	415.3
13.4	415.3
13.41	415.3
13.42	415.3
13.43	415.3
13.44	415.3
13.45	415.3
13.46	415.3
13.47	415.3
13.48	415.3
13.49	415.3
13.5	415.3
13.51	415.3
13.52	415.3
13.53	415.3
13.54	415.3
13.55	415.3
13.56	415.3
13.57	415.3
13.58	415.3
13.59	415.3
13.6	415.3
13.61	415.3
13.62	415.3
13.63	415.3
13.64	415.3
13.65	415.3
13.66	415.3
13.67	415.3
13.68	415.3
13.69	415.3
13.7	415.3
13.71	415.3
13.72	415.3
13.73	0
13.74	0
13.75	0
13.76	0
13.77	0
13.78	0
13.79	0
13.8	0
13.81	0
13.82	0
13.83	0
13.84	0
13.85	0
13.86	415.3
13.87	415.3
13.88	415.3
13.89	415.3
13.9	415.3
13.91	415.3
13.92	415.3
13.93	415.3
13.94	415.3
13.95	415.3
13.96	415.3
13.97	415.3
13.98	415.3
13.99	415.3
14	415.3
14.01	415.3
14.02	415.3
14.03	415.3
14.04	415.3
14.05	415.3
14.06	415.3
14.07	415.3
14.08	415.3
14.09	415.3
14.1	415.3
14.11	415.3
14.12	415.3
14.13	415.3
14.14	415.3
14.15	415.3
14.16	415.3
14.17	415.3
14.18	415.3
14.19	415.3
14.2	415.3
14.21	415.3
14.22	415.3
14.23	415.3
14.24	415.3
14.25	415.3
14.26	415.3
14.27	415.3
14.28	415.3
14.29	415.3
14.3	415.3
14.31	415.3
14.32	415.3
14.33	415.3
14.34	415.3
14.35	415.3
14.36	415.3
14.37	415.3
14.38	415.3
14.39	415.3
14.4	415.3
14.41	0
14.42	0
14.43	0
14.44	0
14.45	0
14.46	0
14.47	0
14.48	0
14.49	0
14.5	0
14.51	0
14.52	0
14.53	0
14.54	0
14.55	0
14.56	0
14.57	440
14.58	440
14.59	440
14.6	440
14.61	440
14.62	440
14.63	440
14.64	440
14.65	440
14.66	440
14.67	440
14.68	440
14.69	440
14.7	440
14.71	440
14.72	440
14.73	440
14.74	440
14.75	440
14.76	440
14.77	440
14.78	440
14.79	440
14.8	440
14.81	440
14.82	440
14.83	440
14.84	440
14.85	440
14.86	440
14.87	440
14.88	440
14.89	440
14.9	440
14.91	440
14.92	440
14.93	440
14.94	440
14.95	440
14.96	440
14.97	440
14.98	440
14.99	440
15	440
15.01	440
15.02	440
15.03	440
15.04	440
15.05	440
15.06	440
15.07	440
15.08	440
15.09	440
15.1	440
15.11	440
15.12	0
15.13	0
15.14	0
15.15	0
15.16	0
15.17	0
15.18	0
15.19	0
15.2	0
15.21	0
15.22	0
15.23	0
15.24	0
15.25	0
15.26	0
15.27	0
15.28	440
15.29	440
15.3	440
15.31	440
15.32	440
15.33	440
15.34	440
15.35	440
15.36	440
15.37	440
15.38	440
15.39	440
15.4	440
15.41	440
15.42	440
15.43	440
15.44	440
15.45	440
15.46	440
15.47	440
15.48	440
15.49	440
15.5	440
15.51	440
15.52	440
15.53	440
15.54	440
15.55	440
15.56	440
15.57	440
15.58	440
15.59	440
15.6	440
15.61	440
15.62	440
15.63	440
15.64	440
15.65	440
15.66	440
15.67	440
15.68	440
15.69	440
15.7	440
15.71	440
15.72	440
15.73	440
15.74	440
15.75	440
15.76	440
15.77	440
15.78	440
15.79	440
15.8	440
15.81	440
15.82	440
15.83	440
15.84	440
15.85	0
15.86	0
15.87	0
15.88	0
15.89	0
15.9	0
15.91	0
15.92	0
15.93	0
15.94	0
15.95	0
15.96	0
15.97	0
15.98	0
15.99	0
16	0
16.01	0
16.02	587.33
16.03	587.33
16.04	587.33
16.05	587.33
16.06	587.33
16.07	587.33
16.08	587.33
16.09	587.33
16.1	587.33
16.11	587.33
16.12	587.33
16.13	587.33
16.14	587.33
16.15	587.33
16.16	587.33
16.17	587.33
16.18	587.33
16.19	587.33
16.2	587.33
16.21	587.33
16.22	587.33
16.23	587.33
16.24	587.33
16.25	587.33
16.26	587.33
16.27	587.33
16.28	587.33
16.29	587.33
16.3	587.33
16.31	587.33
16.32	587.33
16.33	587.33
16.34	587.33
16.35	587.33
16.36	587.33
16.37	587.33
16.38	587.33
16.39	587.33
16.4	587.33
16.41	587.33
16.42	587.33
16.43	587.33
16.44	587.33
16.45	587.33
16.46	587.33
16.47	587.33
16.48	587.33
16.49	587.33
16.5	587.33
16.51	587.33
16.52	587.33
16.53	587.33
16.54	587.33
16.55	587.33
16.56	587.33
16.57	587.33
16.58	0
16.59	0
16.6	0
16.61	0
16.62	0
16.63	0
16.64	0
16.65	0
16.66	0
16.67	0
16.68	0
16.69	0
16.7	0
16.71	587.33
16.72	587.33
16.73	587.33
16.74	587.33
16.75	587.33
16.76	587.33
16.77	587.33
16.78	587.33
16.79	587.33
16.8	587.33
16.81	587.33
16.82	587.33
16.83	587.33
16.84	587.33
16.85	587.33
16.86	587.33
16.87	587.33
16.88	587.33
16.89	587.33
16.9	587.33
16.91	587.33
16.92	587.33
16.93	587.33
16.94	587.33
16.95	587.33
16.96	587.33
16.97	587.33
16.98	587.33
16.99	587.33
17	587.33
17.01	587.33
17.02	587.33
17.03	587.33
17.04	587.33
17.05	587.33
17.06	587.33
17.07	587.33
17.08	587.33
17.09	587.33
17.1	587.33
17.11	587.33
17.12	587.33
17.13	587.33
17.14	587.33
17.15	587.33
17.16	587.33
17.17	587.33
17.18	587.33
17.19	587.33
17.2	587.33
17.21	587.33
17.22	587.33
17.23	587.33
17.24	587.33
17.25	0
17.26	0
17.27	0
17.28	0
17.29	0
17.3	0
17.31	0
17.32	0
17.33	0
17.34	0
17.35	0
17.36	0
17.37	0
17.38	587.33
17.39	587.33
17.4	587.33
17.41	587.33
17.42	587.33
17.43	587.33
17.44	587.33
17.45	587.33
17.46	587.33
17.47	587.33
17.48	587.33
17.49	587.33
17.5	587.33
17.51	587.33
17.52	587.33
17.53	587.33
17.54	587.33
17.55	587.33
17.56	587.33
17.57	587.33
17.58	587.33
17.59	587.33
17.6	587.33
17.61	587.33
17.62	587.33
17.63	587.33
17.64	587.33
17.65	587.33
17.66	587.33
17.67	587.33
17.68	587.33
17.69	587.33
17.7	587.33
17.71	587.33
17.72	587.33
17.73	587.33
17.74	587.33
17.75	587.33
17.76	587.33
17.77	587.33
17.78	587.33
17.79	587.33
17.8	587.33
17.81	0
17.82	554.37
17.83	554.37
17.84	554.37
17.85	554.37
17.86	554.37
17.87	554.37
17.88	554.37
17.89	554.37
17.9	554.37
17.91	554.37
17.92	554.37
17.93	554.37
17.94	554.37
17.95	0
17.96	0
17.97	0
17.98	0
17.99	0
18	0
18.01	0
18.02	0
18.03	0
18.04	0
18.05	0
18.06	0
18.07	0
18.08	554.37
18.09	554.37
18.1	554.37
18.11	554.37
18.12	554.37
18.13	554.37
18.14	554.37
18.15	554.37
18.16	554.37
18.17	554.37
18.18	554.37
18.19	554.37
18.2	554.37
18.21	554.37
18.22	554.37
18.23	554.37
18.24	554.37
18.25	554.37
18.26	554.37
18.27	554.37
18.28	554.37
18.29	554.37
18.3	554.37
18.31	554.37
18.32	554.37
18.33	554.37
18.34	554.37
18.35	0
18.36	0
18.37	0
18.38	0
18.39	0
18.4	0
18.41	0
18.42	0
18.43	0
18.44	0
18.45	554.37
18.46	554.37
18.47	554.37
18.48	554.37
18.49	554.37
18.5	554.37
18.51	554.37
18.52	554.37
18.53	554.37
18.54	554.37
18.55	554.37
18.56	554.37
18.57	554.37
18.58	554.37
18.59	554.37
18.6	554.37
18.61	554.37
18.62	554.37
18.63	554.37
18.64	554.37
18.65	554.37
18.66	554.37
18.67	554.37
18.68	0
18.69	0
18.7	0
18.71	0
18.72	0
18.73	0
18.74	0
18.75	0
18.76	0
18.77	0
18.78	0
18.79	0
18.8	0
18.81	0
18.82	554.37
18.83	554.37
18.84	554.37
18.85	554.37
18.86	554.37
18.87	554.37
18.88	554.37
18.89	554.37
18.9	554.37
18.91	554.37
18.92	554.37
18.93	554.37
18.94	554.37
18.95	554.37
18.96	554.37
18.97	554.37
18.98	554.37
18.99	554.37
19	554.37
19.01	554.37
19.02	554.37
19.03	554.37
19.04	554.37
19.05	554.37
19.06	554.37
19.07	554.37
19.08	554.37
19.09	0
19.1	0
19.11	0
19.12	0
19.13	0
19.14	0
19.15	0
19.16	0
19.17	493.88
19.18	493.88
19.19	493.88
19.2	493.88
19.21	493.88
19.22	493.88
19.23	493.88
19.24	493.88
19.25	493.88
19.26	493.88
19.27	493.88
19.28	493.88
19.29	493.88
19.3	493.88
19.31	493.88
19.32	493.88
19.33	493.88
19.34	493.88
19.35	493.88
19.36	0
19.37	0
19.38	0
19.39	0
19.4	0
19.41	0
19.42	0
19.43	0
19.44	0
19.45	0
19.46	0
19.47	0
19.48	0
19.49	0
19.5	0
19.51	0
19.52	0
19.53	554.37
19.54	554.37
19.55	554.37
19.56	554.37
19.57	554.37
19.58	554.37
19.59	554.37
19.6	554.37
19.61	554.37
19.62	554.37
19.63	554.37
19.64	554.37
19.65	554.37
19.66	554.37
19.67	554.37
19.68	554.37
19.69	554.37
19.7	554.37
19.71	554.37
19.72	554.37
19.73	554.37
19.74	554.37
19.75	554.37
19.76	554.37
19.77	554.37
19.78	554.37
19.79	554.37
19.8	554.37
19.81	554.37
19.82	554.37
19.83	554.37
19.84	554.37
19.85	554.37
19.86	554.37
19.87	554.37
19.88	554.37
19.89	554.37
19.9	554.37
19.91	554.37
19.92	554.37
19.93	554.37
19.94	554.37
19.95	554.37
19.96	554.37
19.97	554.37
19.98	554.37
19.99	554.37
20	554.37
20.01	554.37
20.02	554.37
20.03	554.37
20.04	554.37
20.05	554.37
20.06	554.37
20.07	554.37
20.08	554.37
20.09	554.37
20.1	554.37
20.11	554.37
20.12	554.37
20.13	554.37
20.14	554.37
20.15	554.37
20.16	554.37
20.17	554.37
20.18	554.37
20.19	554.37
20.2	554.37
20.21	554.37
20.22	554.37
20.23	554.37
20.24	554.37
20.25	554.37
20.26	554.37
20.27	554.37
20.28	554.37
20.29	554.37
20.3	554.37
20.31	554.37
20.32	554.37
20.33	554.37
20.34	554.37
20.35	554.37
20.36	554.37
20.37	554.37
20.38	554.37
20.39	554.37
20.4	554.37
20.41	554.37
20.42	554.37
20.43	554.37
20.44	554.37
20.45	554.37
20.46	554.37
20.47	554.37
20.48	554.37
20.49	554.37
20.5	554.37
20.51	554.37
20.52	554.37
20.53	554.37
20.54	554.37
20.55	554.37
20.56	554.37
20.57	554.37
20.58	554.37
20.59	554.37
20.6	554.37
20.61	554.37
20.62	554.37
20.63	554.37
20.64	554.37
20.65	554.37
20.66	0
20.67	0
20.68	0
20.69	0
20.7	0
20.71	0
20.72	0
20.73	0
20.74	0
20.75	0
20.76	0
20.77	0
20.78	0
20.79	0
20.8	0
20.81	0
20.82	0
20.83	0
20.84	0
20.85	0
20.86	0
20.87	0
20.88	0
20.89	0
20.9	0
20.91	0
20.92	0
20.93	0
20.94	0
20.95	0
20.96	0
20.97	0
20.98	0
20.99	0
21	0
21.01	0
21.02	0
21.03	0
21.04	0
21.05	0
21.06	0
21.07	0
21.08	0
21.09	0
21.1	0
21.11	0
21.12	0
21.13	0
21.14	0
21.15	0
21.16	0
21.17	0
21.18	0
21.19	0
21.2	0
21.21	0
21.22	0
21.23	0
21.24	0
21.25	0
21.26	0
21.27	0
21.28	0
21.29	0
21.3	0
21.31	0
21.32	0
21.33	0
21.34	0
21.35	0
21.36	0
21.37	0
21.38	0
21.39	0
21.4	0
21.41	0
21.42	0
21.43	0
21.44	0
21.45	0
21.46	0
21.47	0
21.48	0
21.49	0
21.5	0
21.51	0
21.52	0
21.53	0
21.54	0
21.55	0
21.56	0
21.57	0
21.58	0
21.59	0
21.6	0
21.61	0
21.62	0
21.63	0
21.64	0
21.65	0
21.66	0
21.67	0
21.68	0
21.69	0
21.7	0
21.71	0
21.72	0
21.73	0
21.74	0
21.75	0
21.76	0
21.77	0
21.78	0
21.79	0
21.8	0
21.81	0
21.82	0
21.83	0
21.84	0
21.85	0
21.86	0
21.87	0
21.88	0
21.89	0
21.9	0
21.91	0
21.92	0
21.93	0
21.94	0
21.95	0
21.96	0
21.97	0
21.98	0
21.99	0
22	0
22.01	0
22.02	0
22.03	0
22.04	0
22.05	0
22.06	0
22.07	0
22.08	0
22.09	0
22.1	0
22.11	0
22.12	0
22.13	0
22.14	0
22.15	0
22.16	0
22.17	0
22.18	0
22.19	0
22.2	0
22.21	0
22.22	0
22.23	0
22.24	0
22.25	0
22.26	0
22.27	0
22.28	0
22.29	0
22.3	0
22.31	0
22.32	0
22.33	0
22.34	0
22.35	0
22.36	0
22.37	0
22.38	0
22.39	0
22.4	0
22.41	0
22.42	0
22.43	0
22.44	0
22.45	0
22.46	0
22.47	0
22.48	0
22.49	0
22.5	0
22.51	0
22.52	0
22.53	0
22.54	0
22.55	0
22.56	0
22.57	0
22.58	0
22.59	0
22.6	0
22.61	0
22.62	0
22.63	0
22.64	0
22.65	0
22.66	0
22.67	0
22.68	0
22.69	0
22.7	0
22.71	0
22.72	0
22.73	0
22.74	0
22.75	0
22.76	0
22.77	0
22.78	0
22.79	0
22.8	0
22.81	0
22.82	0
22.83	0
22.84	0
22.85	0
22.86	0
22.87	0
22.88	0
22.89	0
22.9	0
22.91	0
22.92	0
22.93	0
22.94	0
22.95	0
22.96	0
22.97	0
22.98	0
22.99	0
23	0
23.01	0
23.02	0
23.03	0
23.04	0
23.05	0
23.06	0
23.07	0
23.08	0
23.09	0
23.1	0
23.11	0
23.12	0
23.13	0
23.14	0
23.15	0
23.16	0
23.17	0
23.18	0
23.19	0
23.2	0
23.21	0
23.22	0
23.23	0
23.24	0
23.25	0
23.26	0
23.27	0
23.28	0
23.29	0
23.3	0
23.31	0
23.32	0
23.33	0
23.34	0
23.35	0
23.36	0
23.37	0
23.38	0
23.39	0
23.4	0
23.41	0
23.42	0
23.43	0
23.44	0
23.45	0
23.46	0
23.47	0
23.48	0
23.49	0
23.5	0
23.51	0
23.52	0
23.53	0
23.54	0
23.55	0
23.56	0
23.57	0
23.58	0
23.59	0
23.6	0
23.61	0
23.62	0
23.63	0
23.64	0
23.65	0
23.66	0
23.67	0
23.68	0
23.69	0
23.7	0
23.71	0
23.72	0
23.73	0
23.74	440
23.75	440
23.76	440
23.77	440
23.78	440
23.79	440
23.8	440
23.81	440
23.82	440
23.83	440
23.84	440
23.85	440
23.86	440
23.87	440
23.88	440
23.89	440
23.9	440
23.91	440
23.92	440
23.93	440
23.94	440
23.95	0
23.96	0
23.97	0
23.98	0
23.99	0
24	0
24.01	0
24.02	0
24.03	0
24.04	0
24.05	0
24.06	0
24.07	0
24.08	0
24.09	0
24.1	440
24.11	440
24.12	440
24.13	440
24.14	440
24.15	440
24.16	440
24.17	440
24.18	440
24.19	440
24.2	440
24.21	440
24.22	440
24.23	440
24.24	440
24.25	440
24.26	440
24.27	440
24.28	0
24.29	0
24.3	0
24.31	0
24.32	0
24.33	0
24.34	0
24.35	0
24.36	0
24.37	0
24.38	0
24.39	0
24.4	0
24.41	0
24.42	0
24.43	0
24.44	0
24.45	440
24.46	440
24.47	440
24.48	440
24.49	440
24.5	440
24.51	440
24.52	440
24.53	440
24.54	440
24.55	440
24.56	440
24.57	440
24.58	440
24.59	440
24.6	440
24.61	440
24.62	440
24.63	440
24.64	0
24.65	0
24.66	0
24.67	0
24.68	0
24.69	0
24.7	0
24.71	0
24.72	0
24.73	0
24.74	0
24.75	0
24.76	0
24.77	0
24.78	415.3
24.79	415.3
24.8	415.3
24.81	415.3
24.82	415.3
24.83	415.3
24.84	415.3
24.85	415.3
24.86	415.3
24.87	415.3
24.88	415.3
24.89	415.3
24.9	415.3
24.91	415.3
24.92	415.3
24.93	415.3
24.94	415.3
24.95	415.3
24.96	415.3
24.97	415.3
24.98	415.3
24.99	415.3
25	415.3
25.01	415.3
25.02	415.3
25.03	415.3
25.04	415.3
25.05	415.3
25.06	415.3
25.07	415.3
25.08	415.3
25.09	415.3
25.1	415.3
25.11	415.3
25.12	415.3
25.13	415.3
25.14	415.3
25.15	415.3
25.16	415.3
25.17	415.3
25.18	415.3
25.19	415.3
25.2	415.3
25.21	415.3
25.22	415.3
25.23	415.3
25.24	415.3
25.25	415.3
25.26	415.3
25.27	415.3
25.28	415.3
25.29	415.3
25.3	415.3
25.31	415.3
25.32	415.3
25.33	0
25.34	0
25.35	0
25.36	0
25.37	0
25.38	0
25.39	0
25.4	0
25.41	0
25.42	0
25.43	0
25.44	0
25.45	0
25.46	0
25.47	0
25.48	0
25.49	415.3
25.5	415.3
25.51	415.3
25.52	415.3
25.53	415.3
25.54	415.3
25.55	415.3
25.56	415.3
25.57	415.3
25.58	415.3
25.59	415.3
25.6	415.3
25.61	415.3
25.62	415.3
25.63	415.3
25.64	415.3
25.65	415.3
25.66	415.3
25.67	415.3
25.68	415.3
25.69	415.3
25.7	415.3
25.71	415.3
25.72	415.3
25.73	415.3
25.74	415.3
25.75	415.3
25.76	415.3
25.77	415.3
25.78	415.3
25.79	415.3
25.8	415.3
25.81	415.3
25.82	415.3
25.83	415.3
25.84	415.3
25.85	415.3
25.86	415.3
25.87	415.3
25.88	415.3
25.89	415.3
25.9	415.3
25.91	415.3
25.92	415.3
25.93	415.3
25.94	415.3
25.95	415.3
25.96	415.3
25.97	415.3
25.98	415.3
25.99	415.3
26	415.3
26.01	415.3
26.02	415.3
26.03	415.3
26.04	415.3
26.05	415.3
26.06	415.3
26.07	415.3
26.08	415.3
26.09	415.3
26.1	415.3
26.11	415.3
26.12	415.3
26.13	415.3
26.14	415.3
26.15	415.3
26.16	415.3
26.17	415.3
26.18	415.3
26.19	415.3
26.2	415.3
26.21	415.3
26.22	440
26.23	440
26.24	440
26.25	440
26.26	440
26.27	440
26.28	440
26.29	440
26.3	440
26.31	440
26.32	440
26.33	440
26.34	440
26.35	440
26.36	440
26.37	440
26.38	440
26.39	440
26.4	440
26.41	440
26.42	440
26.43	440
26.44	440
26.45	440
26.46	440
26.47	440
26.48	440
26.49	440
26.5	440
26.51	440
26.52	440
26.53	440
26.54	440
26.55	440
26.56	440
26.57	440
26.58	440
26.59	440
26.6	440
26.61	440
26.62	440
26.63	440
26.64	440
26.65	440
26.66	440
26.67	440
26.68	440
26.69	440
26.7	440
26.71	440
26.72	440
26.73	440
26.74	440
26.75	440
26.76	440
26.77	440
26.78	440
26.79	440
26.8	440
26.81	0
26.82	0
26.83	0
26.84	0
26.85	0
26.86	0
26.87	0
26.88	0
26.89	0
26.9	0
26.91	0
26.92	0
26.93	0
26.94	0
26.95	0
26.96	0
26.97	440
26.98	440
26.99	440
27	440
27.01	440
27.02	440
27.03	440
27.04	440
27.05	440
27.06	440
27.07	440
27.08	440
27.09	440
27.1	440
27.11	440
27.12	440
27.13	440
27.14	440
27.15	440
27.16	440
27.17	440
27.18	440
27.19	440
27.2	440
27.21	440
27.22	440
27.23	440
27.24	440
27.25	440
27.26	440
27.27	440
27.28	440
27.29	440
27.3	440
27.31	440
27.32	440
27.33	440
27.34	440
27.35	440
27.36	440
27.37	440
27.38	440
27.39	440
27.4	440
27.41	440
27.42	440
27.43	440
27.44	440
27.45	440
27.46	440
27.47	440
27.48	440
27.49	440
27.5	0
27.51	0
27.52	0
27.53	0
27.54	0
27.55	0
27.56	0
27.57	0
27.58	0
27.59	0
27.6	0
27.61	0
27.62	0
27.63	0
27.64	0
27.65	0
27.66	0
27.67	587.33
27.68	587.33
27.69	587.33
27.7	587.33
27.71	587.33
27.72	587.33
27.73	587.33
27.74	587.33
27.75	587.33
27.76	587.33
27.77	587.33
27.78	587.33
27.79	587.33
27.8	587.33
27.81	587.33
27.82	587.33
27.83	587.33
27.84	587.33
27.85	587.33
27.86	587.33
27.87	587.33
27.88	587.33
27.89	587.33
27.9	587.33
27.91	587.33
27.92	587.33
27.93	587.33
27.94	587.33
27.95	587.33
27.96	587.33
27.97	587.33
27.98	587.33
27.99	587.33
28	587.33
28.01	587.33
28.02	587.33
28.03	587.33
28.04	587.33
28.05	587.33
28.06	587.33
28.07	587.33
28.08	587.33
28.09	587.33
28.1	587.33
28.11	587.33
28.12	587.33
28.13	587.33
28.14	587.33
28.15	587.33
28.16	587.33
28.17	587.33
28.18	587.33
28.19	587.33
28.2	0
28.21	0
28.22	0
28.23	0
28.24	0
28.25	0
28.26	0
28.27	0
28.28	0
28.29	0
28.3	0
28.31	0
28.32	0
28.33	0
28.34	0
28.35	587.33
28.36	587.33
28.37	587.33
28.38	587.33
28.39	587.33
28.4	587.33
28.41	587.33
28.42	587.33
28.43	587.33
28.44	587.33
28.45	587.33
28.46	587.33
28.47	587.33
28.48	587.33
28.49	587.33
28.5	587.33
28.51	587.33
28.52	587.33
28.53	587.33
28.54	587.33
28.55	587.33
28.56	587.33
28.57	587.33
28.58	587.33
28.59	587.33
28.6	587.33
28.61	587.33
28.62	587.33
28.63	587.33
28.64	587.33
28.65	587.33
28.66	587.33
28.67	587.33
28.68	587.33
28.69	0
28.7	659.26
28.71	659.26
28.72	659.26
28.73	659.26
28.74	659.26
28.75	659.26
28.76	659.26
28.77	659.26
28.78	659.26
28.79	659.26
28.8	659.26
28.81	659.26
28.82	659.26
28.83	659.26
28.84	659.26
28.85	659.26
28.86	659.26
28.87	659.26
28.88	659.26
28.89	659.26
28.9	659.26
28.91	659.26
28.92	659.26
28.93	659.26
28.94	659.26
28.95	659.26
28.96	659.26
28.97	659.26
28.98	659.26
28.99	659.26
29	659.26
29.01	659.26
29.02	659.26
29.03	659.26
29.04	659.26
29.05	659.26
29.06	659.26
29.07	0
29.08	587.33
29.09	587.33
29.1	587.33
29.11	587.33
29.12	587.33
29.13	587.33
29.14	587.33
29.15	587.33
29.16	587.33
29.17	587.33
29.18	587.33
29.19	587.33
29.2	587.33
29.21	587.33
29.22	587.33
29.23	587.33
29.24	587.33
29.25	587.33
29.26	587.33
29.27	587.33
29.28	587.33
29.29	587.33
29.3	587.33
29.31	587.33
29.32	587.33
29.33	587.33
29.34	587.33
29.35	587.33
29.36	587.33
29.37	587.33
29.38	587.33
29.39	554.37
29.4	554.37
29.41	554.37
29.42	554.37
29.43	554.37
29.44	554.37
29.45	554.37
29.46	554.37
29.47	554.37
29.48	554.37
29.49	554.37
29.5	554.37
29.51	554.37
29.52	554.37
29.53	554.37
29.54	554.37
29.55	554.37
29.56	554.37
29.57	554.37
29.58	554.37
29.59	554.37
29.6	554.37
29.61	554.37
29.62	554.37
29.63	554.37
29.64	554.37
29.65	554.37
29.66	554.37
29.67	554.37
29.68	554.37
29.69	554.37
29.7	554.37
29.71	554.37
29.72	554.37
29.73	554.37
29.74	554.37
29.75	554.37
29.76	554.37
29.77	554.37
29.78	554.37
29.79	554.37
29.8	554.37
29.81	554.37
29.82	554.37
29.83	554.37
29.84	554.37
29.85	554.37
29.86	554.37
29.87	0
29.88	0
29.89	0
29.9	0
29.91	0
29.92	0
29.93	0
29.94	0
29.95	0
29.96	0
29.97	0
29.98	0
29.99	0
30	0
30.01	0
30.02	0
30.03	0
30.04	0
30.05	0
30.06	0
30.07	0
30.08	0
30.09	0
30.1	0
30.11	554.37
30.12	554.37
30.13	554.37
30.14	554.37
30.15	554.37
30.16	554.37
30.17	554.37
30.18	554.37
30.19	554.37
30.2	554.37
30.21	554.37
30.22	554.37
30.23	554.37
30.24	554.37
30.25	554.37
30.26	554.37
30.27	554.37
30.28	554.37
30.29	554.37
30.3	554.37
30.31	554.37
30.32	554.37
30.33	554.37
30.34	554.37
30.35	554.37
30.36	554.37
30.37	554.37
30.38	0
30.39	493.88
30.4	493.88
30.41	493.88
30.42	493.88
30.43	493.88
30.44	493.88
30.45	493.88
30.46	493.88
30.47	493.88
30.48	493.88
30.49	493.88
30.5	493.88
30.51	493.88
30.52	493.88
30.53	493.88
30.54	493.88
30.55	493.88
30.56	493.88
30.57	493.88
30.58	493.88
30.59	493.88
30.6	493.88
30.61	493.88
30.62	493.88
30.63	493.88
30.64	493.88
30.65	493.88
30.66	493.88
30.67	493.88
30.68	493.88
30.69	493.88
30.7	493.88
30.71	493.88
30.72	493.88
30.73	493.88
30.74	493.88
30.75	493.88
30.76	0
30.77	0
30.78	554.37
30.79	554.37
30.8	554.37
30.81	554.37
30.82	554.37
30.83	554.37
30.84	554.37
30.85	554.37
30.86	554.37
30.87	554.37
30.88	554.37
30.89	554.37
30.9	554.37
30.91	554.37
30.92	554.37
30.93	554.37
30.94	554.37
30.95	554.37
30.96	554.37
30.97	554.37
30.98	554.37
30.99	554.37
31	554.37
31.01	554.37
31.02	554.37
31.03	554.37
31.04	554.37
31.05	554.37
31.06	554.37
31.07	554.37
31.08	554.37
31.09	554.37
31.1	554.37
31.11	554.37
31.12	554.37
31.13	554.37
31.14	554.37
31.15	554.37
31.16	554.37
31.17	554.37
31.18	554.37
31.19	554.37
31.2	554.37
31.21	554.37
31.22	554.37
31.23	554.37
31.24	554.37
31.25	554.37
31.26	554.37
31.27	554.37
31.28	554.37
31.29	554.37
31.3	554.37
31.31	554.37
31.32	554.37
31.33	554.37
31.34	554.37
31.35	554.37
31.36	554.37
31.37	554.37
31.38	554.37
31.39	554.37
31.4	554.37
31.41	554.37
31.42	554.37
31.43	554.37
31.44	554.37
31.45	554.37
31.46	554.37
31.47	554.37
31.48	554.37
31.49	554.37
31.5	554.37
31.51	554.37
31.52	554.37
31.53	554.37
31.54	554.37
31.55	554.37
31.56	554.37
31.57	554.37
31.58	554.37
31.59	554.37
31.6	554.37
31.61	554.37
31.62	554.37
31.63	554.37
31.64	554.37
31.65	554.37
31.66	554.37
31.67	554.37
31.68	554.37
31.69	0
31.7	0
31.71	0
31.72	0
31.73	0
31.74	0
31.75	0
31.76	0
31.77	0
31.78	0
31.79	0
31.8	0
31.81	0
31.82	0
31.83	0
31.84	0
31.85	0
31.86	0
31.87	0
31.88	0
31.89	0
31.9	0
31.91	0
31.92	0
31.93	0
31.94	0
31.95	0
31.96	0
31.97	0
31.98	0
31.99	0
