0	0
0.01	0
0.02	0
0.03	0
0.04	0
0.05	0
0.06	0
0.07	0
0.08	0
0.09	0
0.1	0
0.11	0
0.12	0
0.13	0
0.14	282.67
0.15	276.22
0.16	267.23
0.17	269.12
0.18	272.76
0.19	276.83
0.2	282.91
0.21	286.84
0.22	290.73
0.23	295.26
0.24	299.24
0.25	300.63
0.26	299.29
0.27	298.74
0.28	300.54
0.29	299.25
0.3	298.48
0.31	297.87
0.32	297.87
0.33	299.3
0.34	300.5
0.35	302.11
0.36	303.56
0.37	305.62
0.38	308.54
0.39	312.71
0.4	315.5
0.41	317.94
0.42	321.04
0.43	324.57
0.44	325.97
0.45	325.84
0.46	325.82
0.47	326.23
0.48	327.11
0.49	327.18
0.5	326.74
0.51	327.68
0.52	328.69
0.53	328.74
0.54	328.56
0.55	328.8
0.56	328.52
0.57	328.36
0.58	328.03
0.59	327.77
0.6	327.69
0.61	327.29
0.62	328.7
0.63	329.87
0.64	329.27
0.65	329.13
0.66	328.34
0.67	328.5
0.68	327.66
0.69	328.19
0.7	327.94
0.71	327.59
0.72	328.49
0.73	327.72
0.74	327.85
0.75	327.66
0.76	327.44
0.77	328.17
0.78	327.94
0.79	327.77
0.8	328.36
0.81	329.06
0.82	329.04
0.83	329.61
0.84	329.72
0.85	329.97
0.86	329.49
0.87	329.28
0.88	329.08
0.89	328.82
0.9	329.39
0.91	329.42
0.92	328.73
0.93	328.76
0.94	327.91
0.95	328.68
0.96	329.58
0.97	330.34
0.98	331.2
0.99	329.99
1	326.44
1.01	325.11
1.02	323.07
1.03	317.74
1.04	316.21
1.05	317.59
1.06	0
1.07	0
1.08	0
1.09	0
1.1	0
1.11	0
1.12	0
1.13	0
1.14	0
1.15	0
1.16	0
1.17	0
1.18	0
1.19	0
1.2	0
1.21	0
1.22	0
1.23	297.48
1.24	284.41
1.25	278.85
1.26	272.65
1.27	266.09
1.28	261.35
1.29	257.41
1.3	254.43
1.31	253.17
1.32	251.18
1.33	250.56
1.34	249.9
1.35	250.6
1.36	250.86
1.37	251.73
1.38	253.34
1.39	253.08
1.4	253.62
1.41	252.52
1.42	250.63
1.43	245.99
1.44	230.31
1.45	236.91
1.46	231.04
1.47	227.08
1.48	226.79
1.49	224.73
1.5	222.44
1.51	221.4
1.52	220.85
1.53	221.89
1.54	222.03
1.55	221.73
1.56	221.68
1.57	221.83
1.58	221.67
1.59	221.92
1.6	222.3
1.61	222.44
1.62	222.74
1.63	223.09
1.64	223.07
1.65	223.68
1.66	224.48
1.67	224.7
1.68	224.99
1.69	225.53
1.7	225.22
1.71	224.3
1.72	224.8
1.73	223.77
1.74	228.81
1.75	234.11
1.76	240.55
1.77	248.54
1.78	253.35
1.79	258.79
1.8	260.13
1.81	261.01
1.82	261.84
1.83	262.16
1.84	261.54
1.85	260.93
1.86	258.55
1.87	257.71
1.88	256.63
1.89	255.45
1.9	254.98
1.91	254.19
1.92	252.74
1.93	252.68
1.94	251.26
1.95	253.04
1.96	254.94
1.97	256.72
1.98	257.62
1.99	259.31
2	261.96
2.01	263.66
2.02	265.09
2.03	265.47
2.04	265.96
2.05	264.81
2.06	262.44
2.07	261.72
2.08	258.37
2.09	257.1
2.1	255.52
2.11	255.21
2.12	255.32
2.13	256.92
2.14	257.39
2.15	258.49
2.16	259.89
2.17	264.25
2.18	265.84
2.19	266.89
2.2	267.57
2.21	268.17
2.22	267.14
2.23	264.21
2.24	261.69
2.25	259.64
2.26	256.34
2.27	255.27
2.28	254.48
2.29	254.33
2.3	255.38
2.31	256.76
2.32	258.13
2.33	260.51
2.34	262.95
2.35	265.71
2.36	267.88
2.37	269.46
2.38	269.9
2.39	268.89
2.4	267.2
2.41	263.89
2.42	260.31
2.43	257.46
2.44	254.51
2.45	253.22
2.46	254.48
2.47	255.33
2.48	255.84
2.49	257.71
2.5	260.96
2.51	265.13
2.52	267.14
2.53	268.79
2.54	270.11
2.55	269.45
2.56	268.22
2.57	266.37
2.58	264.14
2.59	261.51
2.6	258.59
2.61	256.82
2.62	255.59
2.63	256.71
2.64	257.35
2.65	259.98
2.66	262.85
2.67	265.87
2.68	268.18
2.69	270.33
2.7	271.36
2.71	271.23
2.72	269.82
2.73	267.39
2.74	264.19
2.75	261.9
2.76	259.32
2.77	259.56
2.78	258.11
2.79	257.7
2.8	258.24
2.81	260.98
2.82	263.07
2.83	265.73
2.84	268.43
2.85	269.99
2.86	269.53
2.87	269.94
2.88	268.71
2.89	266.93
2.9	264.58
2.91	260.8
2.92	257.52
2.93	257.22
2.94	258.51
2.95	257.63
2.96	257.01
2.97	259.08
2.98	262.95
2.99	265.01
3	268.21
3.01	267.06
3.02	267.56
3.03	265.89
3.04	263.89
3.05	264.92
3.06	264.28
3.07	261.67
3.08	263.18
3.09	260.9
3.1	260.23
3.11	258.87
3.12	260.72
3.13	260.46
3.14	261.9
3.15	262.36
3.16	262.1
3.17	262.68
3.18	261.38
3.19	263.22
3.2	265.75
3.21	264.42
3.22	0
3.23	0
3.24	0
3.25	0
3.26	0
3.27	0
3.28	0
3.29	0
3.3	0
3.31	0
3.32	0
3.33	0
3.34	0
3.35	0
3.36	0
3.37	0
3.38	0
3.39	0
3.4	0
3.41	0
3.42	0
3.43	0
3.44	0
3.45	0
3.46	0
3.47	0
3.48	0
3.49	0
3.5	0
3.51	0
3.52	0
3.53	0
3.54	0
3.55	0
3.56	0
3.57	0
3.58	0
3.59	0
3.6	0
3.61	0
3.62	0
3.63	0
3.64	0
3.65	0
3.66	0
3.67	0
3.68	0
3.69	0
3.7	0
3.71	0
3.72	0
3.73	0
3.74	0
3.75	0
3.76	0
3.77	0
3.78	0
3.79	0
3.8	0
3.81	0
3.82	0
3.83	0
3.84	0
3.85	0
3.86	0
3.87	0
3.88	0
3.89	0
3.9	0
3.91	0
3.92	0
3.93	0
3.94	0
3.95	0
3.96	0
3.97	0
3.98	0
3.99	0
4	0
4.01	0
4.02	0
4.03	0
4.04	0
4.05	0
4.06	0
4.07	0
4.08	0
4.09	0
4.1	0
4.11	0
4.12	0
4.13	0
4.14	0
4.15	0
4.16	0
4.17	0
4.18	201.09
4.19	196.34
4.2	194.29
4.21	190.55
4.22	187.62
4.23	186.62
4.24	187.73
4.25	188.99
4.26	188.38
4.27	189.23
4.28	189.49
4.29	189.45
4.3	188.55
4.31	190.06
4.32	191.02
4.33	191.04
4.34	192.2
4.35	192.46
4.36	193.3
4.37	195.35
4.38	196.23
4.39	193.44
4.4	191.62
4.41	188.01
4.42	187.86
4.43	0
4.44	0
4.45	0
4.46	0
4.47	0
4.48	0
4.49	0
4.5	0
4.51	0
4.52	0
4.53	0
4.54	0
4.55	0
4.56	0
4.57	204.19
4.58	199.32
4.59	196.56
4.6	193.36
4.61	192.05
4.62	191.55
4.63	191.7
4.64	192.35
4.65	191.09
4.66	191.94
4.67	193.25
4.68	192.27
4.69	193.18
4.7	192.93
4.71	193.57
4.72	194.07
4.73	193.83
4.74	194.08
4.75	193.9
4.76	194.85
4.77	194
4.78	193.75
4.79	194.52
4.8	194.33
4.81	194.49
4.82	191.9
4.83	0
4.84	0
4.85	0
4.86	0
4.87	0
4.88	0
4.89	0
4.9	0
4.91	0
4.92	0
4.93	0
4.94	0
4.95	235.28
4.96	235.37
4.97	233.56
4.98	230.93
4.99	229.07
5	226.77
5.01	224.72
5.02	224.87
5.03	224.2
5.04	224.76
5.05	225.22
5.06	225.5
5.07	225.77
5.08	220.62
5.09	227.61
5.1	229.15
5.11	230.73
5.12	231.46
5.13	231.13
5.14	230.15
5.15	230.41
5.16	226.69
5.17	222.81
5.18	221.19
5.19	224.15
5.2	228.17
5.21	0
5.22	0
5.23	0
5.24	0
5.25	0
5.26	0
5.27	0
5.28	0
5.29	0
5.3	0
5.31	0
5.32	0
5.33	241.26
5.34	246.85
5.35	247.96
5.36	250.17
5.37	251.03
5.38	252.74
5.39	253.17
5.4	253.73
5.41	254.83
5.42	254.95
5.43	256.21
5.44	255.69
5.45	257.55
5.46	258.49
5.47	259.62
5.48	259.68
5.49	260.36
5.5	260.62
5.51	261.07
5.52	261.01
5.53	261.2
5.54	260.97
5.55	260.71
5.56	260.51
5.57	260.31
5.58	260.21
5.59	259.04
5.6	259.25
5.61	259.27
5.62	258.86
5.63	259.12
5.64	258.94
5.65	259.14
5.66	260.08
5.67	260.11
5.68	261.3
5.69	261.5
5.7	264.21
5.71	265.78
5.72	259.98
5.73	249
5.74	285.9
5.75	287.14
5.76	298.07
5.77	305.05
5.78	306.55
5.79	306.12
5.8	304.63
5.81	301.59
5.82	298.19
5.83	295.78
5.84	293.31
5.85	292.3
5.86	293.7
5.87	295.54
5.88	298.45
5.89	301.43
5.9	304.78
5.91	305.4
5.92	305.77
5.93	301.07
5.94	295.13
5.95	285.71
5.96	273.06
5.97	267.1
5.98	255.04
5.99	253.48
6	253.2
6.01	248.96
6.02	253.63
6.03	261.15
6.04	268.36
6.05	274.15
6.06	278.73
6.07	282.79
6.08	286.28
6.09	308.94
6.1	305.56
6.11	306.7
6.12	305.6
6.13	305.21
6.14	304.64
6.15	303.95
6.16	303.6
6.17	303.93
6.18	304.1
6.19	305.81
6.2	307.5
6.21	310.04
6.22	314.86
6.23	318.8
6.24	322.52
6.25	325.15
6.26	328.97
6.27	330.84
6.28	332.29
6.29	333.22
6.3	332.25
6.31	332.34
6.32	331.97
6.33	330.63
6.34	330.38
6.35	330.43
6.36	330.27
6.37	330.37
6.38	329.6
6.39	329.56
6.4	329.14
6.41	329.68
6.42	330.53
6.43	329.39
6.44	330.26
6.45	329.42
6.46	329.39
6.47	328.63
6.48	329.28
6.49	329.65
6.5	329.39
6.51	329.45
6.52	329.6
6.53	329.68
6.54	329.94
6.55	329.66
6.56	329.93
6.57	330.58
6.58	330.3
6.59	330.11
6.6	329.71
6.61	329.48
6.62	329.14
6.63	328.89
6.64	329.71
6.65	329.51
6.66	329.18
6.67	329.31
6.68	328.77
6.69	329.85
6.7	329.91
6.71	330.34
6.72	330.61
6.73	330.3
6.74	329.61
6.75	329.59
6.76	330.02
6.77	329.55
6.78	330.58
6.79	330.02
6.8	329.91
6.81	329.43
6.82	329.89
6.83	330.22
6.84	329.7
6.85	329.82
6.86	330.59
6.87	329.75
6.88	329.75
6.89	329.19
6.9	329.21
6.91	328.24
6.92	328.29
6.93	329.41
6.94	328.75
6.95	328.27
6.96	329.05
6.97	328.46
6.98	328.95
6.99	328.8
7	330.03
7.01	329.15
7.02	329.77
7.03	329.09
7.04	329.45
7.05	329.89
7.06	329.78
7.07	329.65
7.08	328.77
7.09	328.85
7.1	328.75
7.11	328.65
7.12	328.14
7.13	327.8
7.14	327.12
7.15	327.54
7.16	328.64
7.17	329.01
7.18	328.87
7.19	328.88
7.2	327.99
7.21	328.18
7.22	328.55
7.23	328.98
7.24	329.06
7.25	329.81
7.26	329.01
7.27	329.9
7.28	330.32
7.29	329.64
7.3	330
7.31	330.27
7.32	330.41
7.33	330.1
7.34	329.84
7.35	330.4
7.36	330.62
7.37	330.89
7.38	330.73
7.39	331.62
7.4	331.25
7.41	330.61
7.42	330.16
7.43	326.3
7.44	316.48
7.45	320.84
7.46	321.15
7.47	324.8
7.48	330.43
7.49	336.72
7.5	360.31
7.51	362.84
7.52	364.26
7.53	366.86
7.54	368.64
7.55	368.92
7.56	368.55
7.57	369.84
7.58	374.91
7.59	379.83
7.6	385.08
7.61	390.32
7.62	395.99
7.63	398.83
7.64	400.26
7.65	399.83
7.66	399
7.67	397.9
7.68	395.91
7.69	395.21
7.7	395.3
7.71	395.65
7.72	395.96
7.73	396.36
7.74	397.29
7.75	397.19
7.76	395.02
7.77	386.65
7.78	377.29
7.79	357.82
7.8	0
7.81	0
7.82	0
7.83	0
7.84	0
7.85	0
7.86	0
7.87	0
7.88	0
7.89	0
7.9	0
7.91	0
7.92	0
7.93	0
7.94	0
7.95	0
7.96	0
7.97	0
7.98	0
7.99	0
8	0
8.01	0
8.02	0
8.03	299.17
8.04	301.7
8.05	301.95
8.06	300.53
8.07	298.88
8.08	297.73
8.09	296.68
8.1	296.72
8.11	298.14
8.12	301.95
8.13	306.62
8.14	311.04
8.15	318.6
8.16	320.82
8.17	323.56
8.18	325.7
8.19	326.7
8.2	325.7
8.21	323.82
8.22	324.08
8.23	323.51
8.24	323.81
8.25	324.32
8.26	324.23
8.27	325.22
8.28	323.71
8.29	321.87
8.3	317.24
8.31	305.32
8.32	300.49
8.33	292.6
8.34	284.26
8.35	281.61
8.36	282.62
8.37	285.51
8.38	287.76
8.39	289.56
8.4	292.95
8.41	294.29
8.42	294.67
8.43	294.66
8.44	294.51
8.45	293.94
8.46	293
8.47	290.61
8.48	288.87
8.49	287.44
8.5	286.43
8.51	285.52
8.52	284.68
8.53	285.01
8.54	285.26
8.55	285.5
8.56	287.37
8.57	289.33
8.58	292.93
8.59	295.65
8.6	297.94
8.61	301.54
8.62	303.47
8.63	302.19
8.64	299.8
8.65	297.97
8.66	296.03
8.67	293.56
8.68	289.29
8.69	286.88
8.7	285.46
8.71	284.02
8.72	283.84
8.73	283.76
8.74	285.36
8.75	287.67
8.76	290.33
8.77	294.2
8.78	296.5
8.79	298.28
8.8	298.92
8.81	298.36
8.82	297.62
8.83	296.52
8.84	295.98
8.85	293.82
8.86	292.51
8.87	289.83
8.88	288.21
8.89	288.1
8.9	288.11
8.91	288.59
8.92	289.66
8.93	291.76
8.94	294.01
8.95	295.17
8.96	296.48
8.97	297.43
8.98	297.59
8.99	296.69
9	296.67
9.01	298.02
9.02	299.04
9.03	299.19
9.04	299.34
9.05	298.4
9.06	297.42
9.07	296.5
9.08	294.29
9.09	292.89
9.1	292.68
9.11	293.54
9.12	294.33
9.13	294.51
9.14	295.42
9.15	297.23
9.16	297.87
9.17	298.05
9.18	298.11
9.19	297.47
9.2	296.83
9.21	295.67
9.22	294.76
9.23	294.63
9.24	295.53
9.25	295.81
9.26	297.33
9.27	298.86
9.28	300.51
9.29	302.66
9.3	302.49
9.31	301.02
9.32	299.48
9.33	299.89
9.34	299.71
9.35	300.31
9.36	301.17
9.37	302.46
9.38	302.29
9.39	301.58
9.4	302.11
9.41	303.21
9.42	305.53
9.43	303.63
9.44	307.05
9.45	0
9.46	0
9.47	0
9.48	0
9.49	0
9.5	0
9.51	0
9.52	0
9.53	0
9.54	0
9.55	0
9.56	0
9.57	0
9.58	0
9.59	0
9.6	0
9.61	0
9.62	305.49
9.63	303.67
9.64	304.54
9.65	304.08
9.66	304.14
9.67	305.01
9.68	306.5
9.69	307.16
9.7	307.9
9.71	308.82
9.72	309.4
9.73	310.62
9.74	312.71
9.75	315.53
9.76	319.43
9.77	324.42
9.78	329.42
9.79	333.28
9.8	336.67
9.81	336.3
9.82	334.34
9.83	332.66
9.84	331.13
9.85	329.94
9.86	329.29
9.87	327.86
9.88	327.8
9.89	327.24
9.9	327.35
9.91	328.36
9.92	329.21
9.93	330.19
9.94	330.08
9.95	329.66
9.96	328.79
9.97	327.43
9.98	327.87
9.99	329.01
10	328.25
10.01	324.86
10.02	316.27
10.03	302.83
10.04	284.94
10.05	271.42
10.06	0
10.07	0
10.08	0
10.09	0
10.1	0
10.11	0
10.12	0
10.13	0
10.14	0
10.15	0
10.16	0
10.17	0
10.18	0
10.19	0
10.2	0
10.21	0
10.22	0
10.23	0
10.24	0
10.25	0
10.26	0
10.27	0
10.28	0
10.29	0
10.3	0
10.31	0
10.32	0
10.33	0
10.34	0
10.35	0
10.36	0
10.37	0
10.38	0
10.39	0
10.4	0
10.41	0
10.42	0
10.43	0
10.44	0
10.45	0
10.46	0
10.47	0
10.48	0
10.49	0
10.5	0
10.51	0
10.52	0
10.53	0
10.54	0
10.55	0
10.56	0
10.57	0
10.58	0
10.59	0
10.6	0
10.61	0
10.62	0
10.63	0
10.64	0
10.65	0
10.66	0
10.67	0
10.68	0
10.69	0
10.7	0
10.71	0
10.72	0
10.73	0
10.74	0
10.75	0
10.76	0
10.77	0
10.78	0
10.79	0
10.8	0
10.81	0
10.82	0
10.83	0
10.84	0
10.85	0
10.86	0
10.87	0
10.88	0
10.89	0
10.9	0
10.91	0
10.92	0
10.93	0
10.94	0
10.95	0
10.96	0
10.97	0
10.98	0
10.99	0
11	0
11.01	0
11.02	0
11.03	0
11.04	0
11.05	0
11.06	0
11.07	0
11.08	0
11.09	0
11.1	0
11.11	0
11.12	0
11.13	0
11.14	0
11.15	0
11.16	0
11.17	0
11.18	0
11.19	0
11.2	0
11.21	0
11.22	0
11.23	0
11.24	0
11.25	0
11.26	0
11.27	0
11.28	0
11.29	0
11.3	0
11.31	308.25
11.32	304.14
11.33	302.6
11.34	299.65
11.35	298.93
11.36	297.25
11.37	296.54
11.38	298.04
11.39	298.79
11.4	299.97
11.41	301.77
11.42	300.25
11.43	297.46
11.44	292.89
11.45	280.92
11.46	272.69
11.47	266.58
11.48	264.85
11.49	259.02
11.5	259.81
11.51	254.29
11.52	252.77
11.53	258.76
11.54	265.65
11.55	270.25
11.56	272.9
11.57	274.54
11.58	274.92
11.59	275.45
11.6	274.37
11.61	273.8
11.62	272.95
11.63	271.29
11.64	269.5
11.65	267.07
11.66	265.5
11.67	263.85
11.68	262.28
11.69	260.35
11.7	260.23
11.71	261.25
11.72	262.34
11.73	264.38
11.74	266.31
11.75	269.89
11.76	271.94
11.77	273.73
11.78	276.04
11.79	275.17
11.8	274.32
11.81	272.71
11.82	267.29
11.83	264.67
11.84	261.65
11.85	259.38
11.86	258.87
11.87	258.01
11.88	257.77
11.89	259.74
11.9	262.92
11.91	266.13
11.92	269.18
11.93	272.94
11.94	275.26
11.95	275.93
11.96	275.16
11.97	273.88
11.98	272.38
11.99	269.35
12	266.91
12.01	264.53
12.02	261.99
12.03	260.86
12.04	259.57
12.05	259.61
12.06	261.08
12.07	262.05
12.08	265.23
12.09	265.35
12.1	266.33
12.11	268.04
12.12	269.21
12.13	268.84
12.14	269.2
12.15	266.84
12.16	264.87
12.17	262.57
12.18	261.36
12.19	260.96
12.2	259.19
12.21	259.57
12.22	259.22
12.23	262.11
12.24	262.83
12.25	264.93
12.26	267.41
12.27	268.27
12.28	268.88
12.29	266.72
12.3	264.74
12.31	264.92
12.32	265.25
12.33	264.5
12.34	263.21
12.35	263.42
12.36	262.99
12.37	262.16
12.38	259.18
12.39	254.62
12.4	248
12.41	240.48
12.42	234.32
12.43	229.04
12.44	227.45
12.45	227.44
12.46	227.43
12.47	228.48
12.48	229.39
12.49	230.7
12.5	230.57
12.51	231.45
12.52	232.48
12.53	230.65
12.54	228.8
12.55	227.85
12.56	0
12.57	0
12.58	0
12.59	0
12.6	0
12.61	0
12.62	0
12.63	0
12.64	0
12.65	0
12.66	0
12.67	0
12.68	0
12.69	0
12.7	0
12.71	0
12.72	0
12.73	0
12.74	0
12.75	0
12.76	0
12.77	0
12.78	0
12.79	0
12.8	0
12.81	0
12.82	0
12.83	0
12.84	0
12.85	0
12.86	0
12.87	0
12.88	0
12.89	0
12.9	0
12.91	0
12.92	0
12.93	0
12.94	0
12.95	0
12.96	0
12.97	0
12.98	0
12.99	0
13	0
13.01	0
13.02	0
13.03	0
13.04	0
13.05	0
13.06	0
13.07	0
13.08	0
13.09	0
13.1	0
13.11	0
13.12	0
13.13	0
13.14	0
13.15	0
13.16	0
13.17	0
13.18	0
13.19	0
13.2	0
13.21	0
13.22	0
13.23	0
13.24	0
13.25	0
13.26	0
13.27	0
13.28	0
13.29	0
13.3	0
13.31	0
13.32	0
13.33	0
13.34	0
13.35	0
13.36	0
13.37	0
13.38	0
13.39	0
13.4	0
13.41	0
13.42	0
13.43	0
13.44	0
13.45	0
13.46	0
13.47	0
13.48	0
13.49	0
13.5	0
13.51	0
13.52	0
13.53	0
13.54	0
13.55	0
13.56	0
13.57	0
13.58	0
13.59	0
13.6	0
13.61	0
13.62	0
13.63	0
13.64	0
13.65	0
13.66	0
13.67	0
13.68	0
13.69	0
13.7	0
13.71	0
13.72	0
13.73	0
13.74	0
13.75	0
13.76	0
13.77	0
13.78	0
13.79	0
13.8	0
13.81	0
13.82	0
13.83	0
13.84	0
13.85	0
13.86	0
13.87	0
13.88	0
13.89	0
13.9	0
13.91	0
13.92	0
13.93	0
13.94	0
13.95	0
13.96	0
13.97	0
13.98	0
13.99	0
14	0
14.01	0
14.02	0
14.03	0
14.04	0
14.05	0
14.06	0
14.07	0
14.08	0
14.09	0
14.1	0
14.11	0
14.12	0
14.13	0
14.14	0
14.15	0
14.16	0
14.17	290.89
14.18	301.67
14.19	301.42
14.2	296.84
14.21	296.19
14.22	296.98
14.23	298.6
14.24	298.76
14.25	298.44
14.26	300.58
14.27	303.89
14.28	308.55
14.29	314.44
14.3	319.18
14.31	322.79
14.32	325.52
14.33	327.13
14.34	327.52
14.35	327.68
14.36	328.09
14.37	326.65
14.38	326.36
14.39	326.88
14.4	325.81
14.41	325.97
14.42	325.7
14.43	325.98
14.44	325.79
14.45	327.06
14.46	326.21
14.47	323.11
14.48	314.07
14.49	302.46
14.5	298.66
14.51	293.08
14.52	282.34
14.53	272.6
14.54	259.85
14.55	252.25
14.56	0
14.57	0
14.58	0
14.59	0
14.6	0
14.61	0
14.62	0
14.63	0
14.64	0
14.65	279.4
14.66	265.89
14.67	259.85
14.68	258.4
14.69	258.38
14.7	258.74
14.71	259.07
14.72	259.96
14.73	258.7
14.74	257.9
14.75	258.89
14.76	259.13
14.77	258.56
14.78	259.76
14.79	259.1
14.8	259.6
14.81	259.03
14.82	257.09
14.83	250.08
14.84	247.25
14.85	235.19
14.86	0
14.87	0
14.88	0
14.89	0
14.9	0
14.91	0
14.92	0
14.93	0
14.94	0
14.95	0
14.96	0
14.97	0
14.98	0
14.99	0
15	0
15.01	0
15.02	0
15.03	0
15.04	0
15.05	0
15.06	0
15.07	0
15.08	0
15.09	0
15.1	0
15.11	0
15.12	0
15.13	0
15.14	0
15.15	0
15.16	0
15.17	0
15.18	0
15.19	235.66
15.2	231.65
15.21	229.99
15.22	227.83
15.23	226.79
15.24	226.03
15.25	226.08
15.26	226.27
15.27	226.93
15.28	227.77
15.29	228.32
15.3	228.79
15.31	228.69
15.32	228.92
15.33	229.98
15.34	229.64
15.35	230.02
15.36	229.46
15.37	229.4
15.38	229.69
15.39	229.62
15.4	229.27
15.41	230.15
15.42	232.23
15.43	234.36
15.44	239.5
15.45	248.48
15.46	254.8
15.47	261.1
15.48	263.76
15.49	264.93
15.5	267.26
15.51	267.4
15.52	266.19
15.53	263.79
15.54	262.17
15.55	260.74
15.56	259.62
15.57	258.88
15.58	258.82
15.59	258.51
15.6	258.69
15.61	258.78
15.62	258.87
15.63	258.87
15.64	259.27
15.65	261.74
15.66	264.94
15.67	266.45
15.68	267.81
15.69	269.4
15.7	269.69
15.71	269.05
15.72	267.3
15.73	265.52
15.74	263.86
15.75	262.58
15.76	261.32
15.77	260.05
15.78	258.22
15.79	257.46
15.8	257.24
15.81	257.61
15.82	257.34
15.83	259.85
15.84	262.75
15.85	265.15
15.86	267.38
15.87	268.95
15.88	271.22
15.89	271.86
15.9	270.32
15.91	268.66
15.92	266.85
15.93	265.7
15.94	263.08
15.95	261.32
15.96	260.26
15.97	257.91
15.98	257.62
15.99	257.83
16	259.14
16.01	260.85
16.02	263.56
16.03	264.69
16.04	266.28
16.05	267.21
16.06	267.64
16.07	268.12
16.08	268.89
16.09	269.24
16.1	267.37
16.11	265.85
16.12	263.92
16.13	262.2
16.14	259.31
16.15	257.45
16.16	255.43
16.17	256.42
16.18	257.17
16.19	258.12
16.2	261.91
16.21	263.98
16.22	267.08
16.23	268.66
16.24	271.09
16.25	271.98
16.26	270.83
16.27	269.33
16.28	266.98
16.29	265.9
16.3	263.78
16.31	261.43
16.32	257.67
16.33	254.79
16.34	254.03
16.35	253.11
16.36	256.37
16.37	257.32
16.38	258.55
16.39	261.28
16.4	264.92
16.41	266.64
16.42	268.3
16.43	267.8
16.44	268.21
16.45	266.49
16.46	265.19
16.47	264.29
16.48	261.92
16.49	259.85
16.5	256.41
16.51	254.4
16.52	253.66
16.53	254.6
16.54	254.98
16.55	257.32
16.56	259.43
16.57	262.02
16.58	263.72
16.59	264.62
16.6	266.19
16.61	265.3
16.62	264.7
16.63	263.21
16.64	260.65
16.65	260.79
16.66	261.48
16.67	259.78
16.68	258.7
16.69	258.25
16.7	259.03
16.71	259.63
16.72	262.5
16.73	263.25
16.74	264.94
16.75	265.16
16.76	267.63
16.77	268.42
16.78	268.39
16.79	267.22
16.8	265.1
16.81	262.65
16.82	260.2
16.83	257.25
16.84	255.19
16.85	251.28
16.86	249.91
16.87	249.32
16.88	250.61
16.89	249.98
16.9	250.4
16.91	251.98
16.92	256.48
16.93	259.4
16.94	260.76
16.95	261.08
16.96	261.21
16.97	259.47
16.98	256.39
16.99	257.48
17	252.55
17.01	0
17.02	0
17.03	0
17.04	0
17.05	0
17.06	0
17.07	0
17.08	0
17.09	0
17.1	0
17.11	0
17.12	0
17.13	0
17.14	0
17.15	0
17.16	0
17.17	0
17.18	0
17.19	0
17.2	0
17.21	0
17.22	0
17.23	0
17.24	0
17.25	0
17.26	0
17.27	0
17.28	0
17.29	0
17.3	0
17.31	0
17.32	0
17.33	0
17.34	0
17.35	0
17.36	0
17.37	0
17.38	0
17.39	0
17.4	0
17.41	0
17.42	0
17.43	0
17.44	0
17.45	0
17.46	0
17.47	0
17.48	0
17.49	0
17.5	0
17.51	0
17.52	0
17.53	0
17.54	0
17.55	0
17.56	0
17.57	0
17.58	0
17.59	0
17.6	0
17.61	0
17.62	0
17.63	0
17.64	0
17.65	0
17.66	0
17.67	0
17.68	0
17.69	0
17.7	0
17.71	0
17.72	0
17.73	0
17.74	0
17.75	0
17.76	0
17.77	0
17.78	0
17.79	0
17.8	0
17.81	0
17.82	0
17.83	0
17.84	0
17.85	0
17.86	0
17.87	0
17.88	0
17.89	0
17.9	0
17.91	0
17.92	0
17.93	0
17.94	0
17.95	0
17.96	0
17.97	0
17.98	0
17.99	0
18	0
18.01	0
18.02	0
18.03	0
18.04	0
18.05	0
18.06	0
18.07	0
18.08	0
18.09	0
18.1	0
18.11	0
18.12	0
18.13	0
18.14	0
18.15	0
18.16	0
18.17	0
18.18	0
18.19	0
18.2	0
18.21	0
18.22	0
18.23	0
18.24	0
18.25	0
18.26	0
18.27	0
18.28	0
18.29	0
18.3	0
18.31	0
18.32	0
18.33	0
18.34	0
18.35	0
18.36	0
18.37	0
18.38	0
18.39	0
18.4	0
18.41	0
18.42	0
18.43	0
18.44	0
18.45	0
18.46	0
18.47	0
18.48	0
18.49	0
18.5	0
18.51	0
18.52	0
18.53	0
18.54	0
18.55	0
18.56	0
18.57	0
18.58	0
18.59	0
18.6	0
18.61	0
18.62	0
18.63	192.93
18.64	194.88
18.65	188.7
18.66	189.93
18.67	189.67
18.68	191.03
18.69	186.77
18.7	187.84
18.71	187.27
18.72	187.22
18.73	190.28
18.74	190.82
18.75	192.05
18.76	194.59
18.77	198.51
18.78	201.14
18.79	206.87
18.8	210.59
18.81	214.08
18.82	215.59
18.83	217.13
18.84	218.6
18.85	220.01
18.86	220.15
18.87	221.85
18.88	222.46
18.89	223.11
18.9	222.84
18.91	223.6
18.92	224.82
18.93	225.62
18.94	227.67
18.95	229.03
18.96	231.77
18.97	234.1
18.98	237.18
18.99	238.98
19	241.78
19.01	243.02
19.02	244.86
19.03	245.63
19.04	245.61
19.05	246.27
19.06	246.94
19.07	246.33
19.08	245.05
19.09	245.11
19.1	245.06
19.11	244.59
19.12	244.67
19.13	245.55
19.14	246.53
19.15	247.25
19.16	247.27
19.17	246.39
19.18	247.18
19.19	247.17
19.2	246.71
19.21	247.92
19.22	247.65
19.23	247.47
19.24	246.76
19.25	248.29
19.26	246.92
19.27	246.95
19.28	246.67
19.29	246.57
19.3	246.15
19.31	246.65
19.32	246.27
19.33	246
19.34	246.72
19.35	248.05
19.36	247.77
19.37	248.51
19.38	247.04
19.39	248.08
19.4	247.74
19.41	247.74
19.42	248.81
19.43	248.65
19.44	248.67
19.45	249.16
19.46	248.34
19.47	248.45
19.48	248.49
19.49	248.31
19.5	248.38
19.51	248.67
19.52	248.89
19.53	248.41
19.54	249.22
19.55	248.82
19.56	249.48
19.57	249.81
19.58	250.21
19.59	250.2
19.6	250.46
19.61	250.09
19.62	249.73
19.63	248.67
19.64	248.09
19.65	249.85
19.66	249.34
19.67	249.06
19.68	248.48
19.69	248.22
19.7	248.66
19.71	248.37
19.72	249.63
19.73	250.13
19.74	250.67
19.75	252.22
19.76	0
19.77	0
19.78	0
19.79	0
19.8	0
19.81	0
19.82	0
19.83	0
19.84	0
19.85	0
19.86	0
19.87	0
19.88	0
19.89	0
19.9	0
19.91	0
19.92	220.9
19.93	219.68
19.94	220.99
19.95	219.22
19.96	218.66
19.97	218.08
19.98	219.27
19.99	219.22
20	217.58
20.01	218.9
20.02	217.81
20.03	217.55
20.04	216.63
20.05	216.73
20.06	216.85
20.07	217.06
20.08	216.91
20.09	216.4
20.1	216.89
20.11	215.59
20.12	216.05
20.13	216.23
20.14	216.97
20.15	216.17
20.16	216.31
20.17	215.94
20.18	217.59
20.19	216.57
20.2	217.44
20.21	217.82
20.22	218.34
20.23	216.28
20.24	216.8
20.25	217.1
20.26	216.94
20.27	218.26
20.28	217.89
20.29	218.16
20.3	217.34
20.31	217.51
20.32	217.03
20.33	216.85
20.34	216.79
20.35	218.07
20.36	217.89
20.37	217.56
20.38	217.84
20.39	218.49
20.4	217.54
20.41	218.22
20.42	218.44
20.43	217.97
20.44	218.39
20.45	220.01
20.46	221.05
20.47	220.33
20.48	220.5
20.49	220.79
20.5	219.74
20.51	219.81
20.52	219.65
20.53	220.54
20.54	220.56
20.55	221.59
20.56	223.78
20.57	224.52
20.58	227.93
20.59	235.22
20.6	239.8
20.61	244.6
20.62	246.59
20.63	248.79
20.64	248.14
20.65	247.48
20.66	246.31
20.67	244.97
20.68	244.87
20.69	245.57
20.7	245.95
20.71	247.24
20.72	248.55
20.73	249.89
20.74	251.57
20.75	252.51
20.76	251.56
20.77	251.19
20.78	248.48
20.79	249.57
20.8	250.29
20.81	249.84
20.82	248.64
20.83	248.26
20.84	247.56
20.85	247.54
20.86	246.68
20.87	246.25
20.88	245.82
20.89	247.16
20.9	247.76
20.91	250.21
20.92	251.72
20.93	253.76
20.94	261.8
20.95	265.88
20.96	264.9
20.97	265.2
20.98	264.82
20.99	264.06
21	263.78
21.01	263.17
21.02	261.77
21.03	261.97
21.04	262.08
21.05	262.3
21.06	262.31
21.07	263.06
21.08	262.92
21.09	263.76
21.1	263.9
21.11	264.7
21.12	264.66
21.13	264.98
21.14	264.87
21.15	264.49
21.16	262.32
21.17	260
21.18	261.82
21.19	261.36
21.2	261.11
21.21	260.53
21.22	260.71
21.23	260.88
21.24	261.13
21.25	261.64
21.26	261.91
21.27	262.87
21.28	263.99
21.29	265.31
21.3	265.64
21.31	264.03
21.32	287.68
21.33	290.09
21.34	292.5
21.35	296.78
21.36	299.07
21.37	300.35
21.38	300.04
21.39	298.08
21.4	296.14
21.41	293.27
21.42	289.98
21.43	288.78
21.44	290.02
21.45	290.83
21.46	292.8
21.47	294.85
21.48	296.8
21.49	299
21.5	300.34
21.51	303.13
21.52	305.49
21.53	305.51
21.54	304.86
21.55	303.5
21.56	301.52
21.57	300.48
21.58	298.16
21.59	296.22
21.6	294.07
21.61	293.11
21.62	292.77
21.63	293.64
21.64	295.86
21.65	303.62
21.66	314.08
21.67	325.6
21.68	334.84
21.69	338.09
21.7	340.5
21.71	341.41
21.72	338.26
21.73	334.84
21.74	331.91
21.75	329.12
21.76	327.81
21.77	326.74
21.78	326.83
21.79	327.39
21.8	329.22
21.81	329.89
21.82	331.26
21.83	332.74
21.84	332.63
21.85	332.29
21.86	332.68
21.87	331.97
21.88	330.93
21.89	330.23
21.9	328.81
21.91	327.07
21.92	324.97
21.93	321.22
21.94	316.08
21.95	307.77
21.96	299.9
21.97	298.33
21.98	300.24
21.99	302.98
22	305.15
22.01	315.2
22.02	324.62
22.03	339.61
22.04	351.31
22.05	371.14
22.06	384.46
22.07	392.9
22.08	399.66
22.09	403.93
22.1	406.9
22.11	407.09
22.12	406.24
22.13	404.99
22.14	403.54
22.15	405.29
22.16	408.56
22.17	413.84
22.18	418.48
22.19	423.95
22.2	428.49
22.21	435.44
22.22	439.76
22.23	441.85
22.24	442.57
22.25	443.23
22.26	444.13
22.27	444.06
22.28	443.63
22.29	443.47
22.3	442.5
22.31	442.45
22.32	441.67
22.33	439.79
22.34	439.92
22.35	439.36
22.36	438.59
22.37	439.21
22.38	441.14
22.39	442.36
22.4	442.5
22.41	442.72
22.42	442.1
22.43	443
22.44	444.5
22.45	444.46
22.46	443.53
22.47	442.38
22.48	441.92
22.49	443.44
22.5	442.09
22.51	441.38
22.52	440.53
22.53	440.95
22.54	439
22.55	439.07
22.56	440.74
22.57	440.48
22.58	439.93
22.59	441.7
22.6	442.31
22.61	443.05
22.62	443.64
22.63	444.51
22.64	443.91
22.65	443.6
22.66	443.28
22.67	443.29
22.68	444.27
22.69	444.47
22.7	444.14
22.71	444.67
22.72	444.16
22.73	443.16
22.74	442.39
22.75	441.43
22.76	441.17
22.77	441.17
22.78	440.63
22.79	440.66
22.8	440.38
22.81	441.92
22.82	443.87
22.83	444.93
22.84	445.02
22.85	444.41
22.86	442.65
22.87	443.07
22.88	436.74
22.89	425.8
22.9	426.17
22.91	421.96
22.92	414.87
22.93	411.74
22.94	412.5
22.95	413.61
22.96	415.28
22.97	419.22
22.98	421.83
22.99	420.28
23	416.89
23.01	415.42
23.02	415.33
23.03	416.7
23.04	418.74
23.05	420.05
23.06	421.22
23.07	419.09
23.08	419.01
23.09	419.21
23.1	420.35
23.11	424.05
23.12	431.76
23.13	436.15
23.14	440.24
23.15	442.01
23.16	441.98
23.17	441.53
23.18	440.96
23.19	441.27
23.2	441.68
23.21	441.82
23.22	441
23.23	440.6
23.24	442.55
23.25	443.71
23.26	443.98
23.27	441.04
23.28	433.18
23.29	422.47
23.3	402.92
23.31	397.95
23.32	0
23.33	0
23.34	0
23.35	0
23.36	0
23.37	0
23.38	0
23.39	0
23.4	0
23.41	0
23.42	0
23.43	0
23.44	0
23.45	0
23.46	324.05
23.47	327.98
23.48	334.76
23.49	342.1
23.5	348.4
23.51	349.91
23.52	349.29
23.53	347.66
23.54	346.6
23.55	344.27
23.56	341.55
23.57	339.58
23.58	337.98
23.59	336.64
23.6	335.25
23.61	336.16
23.62	338.59
23.63	342.58
23.64	345.75
23.65	347.26
23.66	349.59
23.67	353.3
23.68	355.33
23.69	356.49
23.7	354.63
23.71	351.48
23.72	346.96
23.73	343.33
23.74	337.49
23.75	334.46
23.76	331.99
23.77	331.22
23.78	333.61
23.79	338.28
23.8	346.63
23.81	351.42
23.82	352.99
23.83	353.09
23.84	352.41
23.85	350.57
23.86	347.31
23.87	344.32
23.88	339.84
23.89	336.08
23.9	334.96
23.91	332.13
23.92	333.11
23.93	333.54
23.94	336.49
23.95	341.29
23.96	340.96
23.97	343.58
23.98	345.95
23.99	346.46
24	346.86
24.01	349.68
24.02	347.53
24.03	346.08
24.04	340.34
24.05	329.31
24.06	0
24.07	0
24.08	0
24.09	0
24.1	0
24.11	0
24.12	0
24.13	0
24.14	0
24.15	0
24.16	0
24.17	0
24.18	0
24.19	0
24.2	0
24.21	0
24.22	0
24.23	0
24.24	0
24.25	0
24.26	0
24.27	0
24.28	0
24.29	0
24.3	0
24.31	0
24.32	0
24.33	0
24.34	0
24.35	0
24.36	0
24.37	0
24.38	0
24.39	0
24.4	0
24.41	0
24.42	0
24.43	0
24.44	0
24.45	0
24.46	0
24.47	0
24.48	0
24.49	0
24.5	0
24.51	0
24.52	0
24.53	0
24.54	0
24.55	0
24.56	0
24.57	0
24.58	0
24.59	0
24.6	0
24.61	0
24.62	0
24.63	0
24.64	0
24.65	0
24.66	0
24.67	0
24.68	0
24.69	0
24.7	0
24.71	0
24.72	309.34
24.73	311.56
24.74	324.22
24.75	335.27
24.76	352
24.77	366.69
24.78	380.15
24.79	390.17
24.8	397.41
24.81	400.59
24.82	401.99
24.83	403.18
24.84	402.28
24.85	401.72
24.86	403.86
24.87	406.28
24.88	413.69
24.89	419.47
24.9	425.61
24.91	433.38
24.92	438.06
24.93	442.38
24.94	445.89
24.95	446.99
24.96	445.42
24.97	443.56
24.98	440.26
24.99	437.91
25	439.53
25.01	440.08
25.02	439.77
25.03	439.06
25.04	438.4
25.05	437.81
25.06	436.01
25.07	433.26
25.08	427.25
25.09	423.51
25.1	419.51
25.11	416.08
25.12	416.63
25.13	416.81
25.14	417.54
25.15	418.8
25.16	418.34
25.17	417.58
25.18	417.49
25.19	417.73
25.2	418.83
25.21	418.76
25.22	418.46
25.23	417.63
25.24	419.55
25.25	420.1
25.26	419.97
25.27	419.15
25.28	417.6
25.29	420.5
25.3	422.02
25.31	419.48
25.32	411.41
25.33	406.05
25.34	402.89
25.35	400.48
25.36	403.71
25.37	405.3
25.38	0
25.39	0
25.4	0
25.41	0
25.42	0
25.43	0
25.44	0
25.45	0
25.46	0
25.47	0
25.48	0
25.49	0
25.5	0
25.51	0
25.52	0
25.53	0
25.54	0
25.55	0
25.56	436.19
25.57	431.23
25.58	432.08
25.59	434.76
25.6	432.79
25.61	433
25.62	434.22
25.63	431.98
25.64	432.22
25.65	425.7
25.66	406.16
25.67	0
25.68	0
25.69	0
25.7	0
25.71	0
25.72	0
25.73	0
25.74	0
25.75	0
25.76	0
25.77	0
25.78	0
25.79	0
25.8	0
25.81	0
25.82	0
25.83	0
25.84	332.39
25.85	328.69
25.86	330.12
25.87	330.34
25.88	330.67
25.89	330.71
25.9	329.58
25.91	329.35
25.92	328
25.93	325.17
25.94	324.96
25.95	324.63
25.96	325.78
25.97	326.4
25.98	326.62
25.99	328.95
26	332.34
26.01	335.32
26.02	340.69
26.03	342.94
26.04	344.14
26.05	343.15
26.06	340.27
26.07	335.33
26.08	331.11
26.09	326.43
26.1	323.81
26.11	322.9
26.12	320.84
26.13	319.9
26.14	320.65
26.15	323.43
26.16	327.57
26.17	331.96
26.18	336.43
26.19	338.91
26.2	341.91
26.21	341.71
26.22	340.18
26.23	336.85
26.24	333.33
26.25	330.91
26.26	327.96
26.27	325.55
26.28	325.19
26.29	323.68
26.3	325.59
26.31	327.65
26.32	330.59
26.33	333.85
26.34	336.86
26.35	338.62
26.36	339.47
26.37	338.58
26.38	336.76
26.39	333.86
26.4	331.67
26.41	330.35
26.42	329.71
26.43	330.7
26.44	330.86
26.45	331.56
26.46	328.95
26.47	325.2
26.48	320.2
26.49	313.13
26.5	303.11
26.51	293.15
26.52	293.49
26.53	293.86
26.54	294.3
26.55	297.84
26.56	299.48
26.57	299.43
26.58	297.61
26.59	294.15
26.6	290.93
26.61	287.41
26.62	284.54
26.63	285.57
26.64	283.53
26.65	282.97
26.66	0
26.67	0
26.68	0
26.69	0
26.7	0
26.71	0
26.72	0
26.73	0
26.74	0
26.75	0
26.76	0
26.77	0
26.78	0
26.79	0
26.8	0
26.81	0
26.82	0
26.83	0
26.84	0
26.85	0
26.86	0
26.87	0
26.88	0
26.89	0
26.9	0
26.91	0
26.92	0
26.93	0
26.94	0
26.95	0
26.96	0
26.97	0
26.98	0
26.99	0
27	0
27.01	0
27.02	0
27.03	0
27.04	0
27.05	0
27.06	0
27.07	0
27.08	0
27.09	0
27.1	0
27.11	0
27.12	0
27.13	0
27.14	0
27.15	0
27.16	0
27.17	0
27.18	0
27.19	0
27.2	0
27.21	0
27.22	0
27.23	0
27.24	0
27.25	0
27.26	0
27.27	0
27.28	0
27.29	0
27.3	0
27.31	0
27.32	0
27.33	0
27.34	0
27.35	0
27.36	0
27.37	0
27.38	0
27.39	0
27.4	0
27.41	0
27.42	0
27.43	0
27.44	0
27.45	0
27.46	0
27.47	0
27.48	0
27.49	0
27.5	0
27.51	0
27.52	0
27.53	0
27.54	0
27.55	0
27.56	0
27.57	0
27.58	0
27.59	0
27.6	0
27.61	0
27.62	0
27.63	0
27.64	0
27.65	0
27.66	0
27.67	0
27.68	0
27.69	0
27.7	0
27.71	0
27.72	0
27.73	0
27.74	0
27.75	0
27.76	0
27.77	0
27.78	0
27.79	0
27.8	0
27.81	0
27.82	0
27.83	0
27.84	0
27.85	0
27.86	0
27.87	0
27.88	0
27.89	0
27.9	0
27.91	0
27.92	0
27.93	0
27.94	0
27.95	0
27.96	0
27.97	0
27.98	0
27.99	0
28	0
28.01	0
28.02	0
28.03	0
28.04	0
28.05	0
28.06	0
28.07	0
28.08	0
28.09	0
28.1	0
28.11	0
28.12	0
28.13	0
28.14	0
28.15	0
28.16	0
28.17	0
28.18	0
28.19	0
28.2	0
28.21	0
28.22	0
28.23	0
28.24	0
28.25	0
28.26	0
28.27	0
28.28	0
28.29	0
28.3	0
28.31	0
28.32	0
28.33	0
28.34	0
28.35	0
28.36	0
28.37	0
28.38	0
28.39	0
28.4	0
28.41	0
28.42	0
28.43	0
28.44	0
28.45	0
28.46	0
28.47	0
28.48	0
28.49	0
28.5	0
28.51	0
28.52	0
28.53	0
28.54	0
28.55	0
28.56	0
28.57	0
28.58	0
28.59	0
28.6	0
28.61	0
28.62	0
28.63	0
28.64	0
28.65	0
28.66	0
28.67	0
28.68	0
28.69	0
28.7	0
28.71	0
28.72	0
28.73	0
28.74	0
28.75	0
28.76	0
28.77	0
28.78	0
28.79	0
28.8	0
28.81	0
28.82	0
28.83	0
28.84	0
28.85	0
28.86	0
28.87	0
28.88	0
28.89	0
28.9	0
28.91	0
28.92	0
28.93	0
28.94	0
28.95	0
28.96	0
28.97	0
28.98	0
28.99	0
29	0
29.01	0
29.02	0
29.03	0
29.04	0
29.05	0
29.06	0
29.07	0
29.08	0
29.09	0
29.1	0
29.11	0
29.12	0
29.13	0
29.14	0
29.15	0
29.16	0
29.17	0
29.18	0
29.19	0
29.2	0
29.21	0
29.22	0
29.23	0
29.24	0
29.25	0
29.26	0
29.27	0
29.28	0
29.29	0
29.3	0
29.31	0
29.32	0
29.33	0
29.34	0
29.35	0
29.36	0
29.37	0
29.38	0
29.39	0
29.4	0
29.41	0
29.42	0
29.43	0
29.44	0
29.45	0
29.46	0
29.47	0
29.48	0
29.49	0
29.5	0
29.51	0
29.52	0
29.53	0
29.54	0
29.55	0
29.56	0
29.57	0
29.58	0
29.59	0
29.6	0
29.61	0
29.62	0
29.63	0
29.64	0
29.65	0
29.66	0
29.67	0
29.68	0
29.69	0
29.7	0
29.71	0
29.72	0
29.73	0
29.74	0
29.75	282.25
29.76	293.89
29.77	298.31
29.78	297.75
29.79	298.53
29.8	297.87
29.81	298.51
29.82	300.13
29.83	304.13
29.84	306.12
29.85	306.4
29.86	305.31
29.87	305.92
29.88	305.44
29.89	304.64
29.9	305.05
29.91	304.64
29.92	304.23
29.93	304.82
29.94	304.6
29.95	306.61
29.96	308.04
29.97	312.02
29.98	316.32
29.99	321.24
30	323.95
30.01	326
30.02	329.03
30.03	329.5
30.04	330.58
30.05	329.89
30.06	328.36
30.07	327.08
30.08	325.14
30.09	326.25
30.1	326.83
30.11	326.61
30.12	326.82
30.13	326.72
30.14	326.52
30.15	327.66
30.16	327.91
30.17	328.15
30.18	327.67
30.19	326.92
30.2	326.39
30.21	325.54
30.22	324.96
30.23	324.14
30.24	323.78
30.25	324.75
30.26	324.75
30.27	326.75
30.28	325.98
30.29	326
30.3	326.85
30.31	326.43
30.32	325.54
30.33	325.48
30.34	326.17
30.35	325.52
30.36	325.58
30.37	324.49
30.38	324.89
30.39	325.32
30.4	325.28
30.41	324.27
30.42	324.42
30.43	324.43
30.44	324.73
30.45	324.34
30.46	324.85
30.47	325.22
30.48	325.12
30.49	324.68
30.5	324.32
30.51	324.92
30.52	325.73
30.53	325.06
30.54	327.04
30.55	326.76
30.56	326.65
30.57	325.98
30.58	325.95
30.59	326.51
30.6	327.17
30.61	326.86
30.62	325.13
30.63	325.41
30.64	325.4
30.65	326.11
30.66	326.54
30.67	326.78
30.68	324.83
30.69	324.17
30.7	322.95
30.71	320.2
30.72	316.07
30.73	308.84
30.74	300.22
30.75	0
30.76	0
30.77	0
30.78	0
30.79	0
30.8	0
30.81	0
30.82	0
30.83	0
30.84	0
30.85	0
30.86	0
30.87	0
30.88	0
30.89	0
30.9	0
30.91	0
30.92	0
30.93	0
30.94	0
30.95	0
30.96	0
30.97	0
30.98	0
30.99	0
31	0
31.01	0
31.02	0
31.03	0
31.04	0
31.05	0
31.06	0
31.07	0
31.08	0
31.09	0
31.1	0
31.11	0
31.12	0
31.13	0
31.14	0
31.15	0
31.16	0
31.17	0
31.18	0
31.19	0
31.2	0
31.21	0
31.22	0
31.23	254.52
31.24	253.52
31.25	253.52
31.26	253.58
31.27	251.34
31.28	251.88
31.29	252.64
31.3	252.7
31.31	251.86
31.32	252.3
31.33	252.28
31.34	252.61
31.35	252.38
31.36	252.71
31.37	252.68
31.38	253.37
31.39	252.1
31.4	252.71
31.41	251.5
31.42	251.91
31.43	252.33
31.44	252.1
31.45	252.83
31.46	252.04
31.47	252.51
31.48	252.12
31.49	252.42
31.5	253.05
31.51	252.95
31.52	253.23
31.53	253.77
31.54	253.21
31.55	252.94
31.56	253.6
31.57	253.8
31.58	252.38
31.59	250.08
31.6	249.99
31.61	250.48
31.62	250.77
31.63	251.48
31.64	252.5
31.65	252.08
31.66	252.49
31.67	251.4
31.68	252.66
31.69	251.44
31.7	250.83
31.71	249.4
31.72	248.28
31.73	246.8
31.74	246.3
31.75	245.07
31.76	244.14
31.77	245.67
31.78	246.74
31.79	246.48
31.8	244.99
31.81	245.59
31.82	246.77
31.83	247.52
31.84	248.12
31.85	248.8
31.86	248.7
31.87	248.63
31.88	249.07
31.89	249.61
31.9	248.87
31.91	250.11
31.92	250.61
31.93	250.88
31.94	251.8
31.95	253.19
31.96	254.83
31.97	256.52
31.98	257.44
31.99	260.15
32	262.5
32.01	264.68
32.02	265.71
32.03	266.58
32.04	266.81
32.05	266.72
32.06	266.29
32.07	265.23
32.08	264.2
32.09	263.13
32.1	261.82
32.11	261.46
32.12	261.2
32.13	260.21
32.14	262.32
32.15	262.22
32.16	263.63
32.17	263.77
32.18	264.2
32.19	265.2
32.2	267.07
32.21	268.21
32.22	268.63
32.23	268.72
32.24	268.91
32.25	268.3
32.26	267.92
32.27	267.25
32.28	266.47
32.29	265.95
32.3	264.99
32.31	264.21
32.32	263.31
32.33	262.59
32.34	263.17
32.35	262.66
32.36	264.02
32.37	263.97
32.38	265.12
32.39	265.71
32.4	266.63
32.41	267.55
32.42	267.54
32.43	267.45
32.44	266.61
32.45	266.12
32.46	265.21
32.47	264.38
32.48	262.95
32.49	262.53
32.5	261.78
32.51	261.27
32.52	261.79
32.53	260.76
32.54	261.47
32.55	262.24
32.56	263.18
32.57	263.9
32.58	265.2
32.59	265.89
32.6	267.67
32.61	267.8
32.62	268.08
32.63	266.97
32.64	265.78
32.65	265.02
32.66	263.85
32.67	262.66
32.68	261.99
32.69	261.61
32.7	260.76
32.71	260.69
32.72	262.22
32.73	261.19
32.74	263.61
32.75	265.11
32.76	266.13
32.77	267.07
32.78	266.71
32.79	266.69
32.8	266.4
32.81	266.13
32.82	265.59
32.83	264.7
32.84	264.02
32.85	263.79
32.86	262.79
32.87	262.65
32.88	260.85
32.89	262.17
32.9	262.79
32.91	264.18
32.92	265.32
32.93	265.18
32.94	265.02
32.95	265.18
32.96	265.59
32.97	264.97
32.98	264.64
32.99	263.87
33	263.65
33.01	262.15
33.02	261.91
33.03	262.69
33.04	261.47
33.05	261.9
33.06	262.37
33.07	262.56
33.08	263.35
33.09	263.52
33.1	263.8
33.11	263.97
33.12	264.51
33.13	264.79
33.14	264.94
33.15	265.09
33.16	265.91
33.17	265.7
33.18	266.26
33.19	265.04
33.2	262.11
33.21	258.07
33.22	252.63
33.23	249.44
33.24	246.61
33.25	244.85
33.26	244.37
33.27	244.22
33.28	247.94
33.29	249.26
33.3	249.04
33.31	249.87
33.32	249.69
33.33	249.49
33.34	247.64
33.35	247.63
33.36	248.51
33.37	248.5
33.38	249.19
33.39	249.56
33.4	249.68
33.41	248.77
33.42	248.44
33.43	248.52
33.44	248.94
33.45	249.98
33.46	250.15
33.47	251.86
33.48	254.23
33.49	257.43
33.5	259.77
33.51	261.79
33.52	265.05
33.53	267.06
33.54	267.4
33.55	267.2
33.56	266.64
33.57	265.81
33.58	265.64
33.59	265.73
33.6	265.42
33.61	265.56
33.62	263.66
33.63	260.82
33.64	258.06
33.65	254.75
33.66	250.71
33.67	249.34
33.68	247.78
33.69	247.39
33.7	248.04
33.71	248.65
33.72	249.22
33.73	250.5
33.74	250.59
33.75	250.39
33.76	250.28
33.77	249.89
33.78	250.65
33.79	250.74
33.8	249.57
33.81	248.48
33.82	247.35
33.83	246.82
33.84	247.08
33.85	246.86
33.86	247.2
33.87	248.21
33.88	250.07
33.89	251.68
33.9	252.86
33.91	254.83
33.92	255.29
33.93	255.81
33.94	256.47
33.95	256.47
33.96	255.18
33.97	253.13
33.98	251.61
33.99	250.03
34	248.93
34.01	247.05
34.02	245.68
34.03	244.17
34.04	243.64
34.05	243.47
34.06	244.1
34.07	245.1
34.08	246.84
34.09	249.21
34.1	250.78
34.11	252.66
34.12	254.05
34.13	255.93
34.14	255.84
34.15	255.11
34.16	254.38
34.17	253.44
34.18	251.9
34.19	250.22
34.2	249.3
34.21	247.94
34.22	246.77
34.23	244.97
34.24	244.64
34.25	245.66
34.26	246.27
34.27	247.33
34.28	249.37
34.29	251.38
34.3	254.99
34.31	257.05
34.32	259.41
34.33	260.8
34.34	261.06
34.35	260.16
34.36	257.51
34.37	256.73
34.38	254.63
34.39	252.25
34.4	250.16
34.41	249.1
34.42	247.55
34.43	247.59
34.44	247.38
34.45	248.12
34.46	249.48
34.47	251.26
34.48	254.05
34.49	257.86
34.5	259.97
34.51	261.84
34.52	262.55
34.53	260.76
34.54	258.56
34.55	256.6
34.56	254.19
34.57	251.83
34.58	249.9
34.59	249.63
34.6	248.3
34.61	246.6
34.62	246.31
34.63	246.14
34.64	248.01
34.65	250.28
34.66	255.28
34.67	257.1
34.68	258.88
34.69	260.13
34.7	260.68
34.71	260.07
34.72	256.99
34.73	254.98
34.74	251.8
34.75	248.9
34.76	248.39
34.77	245.45
34.78	244.89
34.79	245.36
34.8	245.42
