0	0
0.01	0
0.02	0
0.03	0
0.04	0
0.05	0
0.06	0
0.07	0
0.08	0
0.09	0
0.1	0
0.11	0
0.12	0
0.13	174.65
0.14	174.65
0.15	178.71
0.16	178.44
0.17	181.64
0.18	183.69
0.19	180.94
0.2	178.57
0.21	184.17
0.22	184.05
0.23	185.28
0.24	184.8
0.25	182.03
0.26	177.91
0.27	173.73
0.28	171.72
0.29	172.52
0.3	177.54
0.31	179.97
0.32	180.46
0.33	181.47
0.34	182.44
0.35	181.89
0.36	179.91
0.37	172.78
0.38	167.2
0.39	171.52
0.4	170.77
0.41	166.91
0.42	177.51
0.43	204.12
0.44	236.76
0.45	248.67
0.46	252.45
0.47	257.92
0.48	260
0.49	260.6
0.5	260.94
0.51	260.53
0.52	261.36
0.53	260.9
0.54	257.42
0.55	261.76
0.56	276.46
0.57	283.9
0.58	288.54
0.59	294.44
0.6	297.95
0.61	301.45
0.62	304.88
0.63	304.27
0.64	302.75
0.65	299.31
0.66	296.77
0.67	295.7
0.68	296.43
0.69	296.02
0.7	292.89
0.71	286.07
0.72	278.93
0.73	275.14
0.74	274.08
0.75	272.22
0.76	271.42
0.77	271.27
0.78	267.71
0.79	268.3
0.8	269.89
0.81	264.74
0.82	264.15
0.83	264.29
0.84	264.55
0.85	264.66
0.86	264.28
0.87	264.21
0.88	263.41
0.89	261.9
0.9	261.28
0.91	260.55
0.92	260.42
0.93	260.46
0.94	260.83
0.95	260.48
0.96	260.47
0.97	260.66
0.98	260.36
0.99	260.13
1	260.45
1.01	260.62
1.02	260.12
1.03	260.12
1.04	260.25
1.05	260.57
1.06	260.57
1.07	261.15
1.08	261.71
1.09	262.64
1.1	263.88
1.11	264.15
1.12	263.3
1.13	262.67
1.14	262.92
1.15	260.51
1.16	257.9
1.17	258.14
1.18	259.19
1.19	260.47
1.2	261.54
1.21	258.22
1.22	255.62
1.23	0
1.24	0
1.25	0
1.26	0
1.27	0
1.28	0
1.29	0
1.3	0
1.31	0
1.32	0
1.33	0
1.34	0
1.35	0
1.36	0
1.37	0
1.38	176.53
1.39	178.47
1.4	179.34
1.41	178.85
1.42	179.09
1.43	174.14
1.44	173.1
1.45	177.36
1.46	177.63
1.47	179.23
1.48	181.81
1.49	182.58
1.5	181.44
1.51	182.11
1.52	180.01
1.53	0
1.54	0
1.55	0
1.56	0
1.57	0
1.58	0
1.59	0
1.6	0
1.61	0
1.62	0
1.63	0
1.64	0
1.65	205.99
1.66	221.77
1.67	235.77
1.68	246.77
1.69	252.28
1.7	257.87
1.71	256.28
1.72	259.72
1.73	262.44
1.74	261.42
1.75	258.8
1.76	259.06
1.77	261.97
1.78	266.06
1.79	270.85
1.8	276.82
1.81	283.55
1.82	288.96
1.83	293.98
1.84	297.99
1.85	301.28
1.86	301.21
1.87	298.47
1.88	296.8
1.89	294.37
1.9	293.1
1.91	292.75
1.92	294.89
1.93	295.19
1.94	297.12
1.95	297.88
1.96	297.43
1.97	0
1.98	0
1.99	0
2	0
2.01	0
2.02	0
2.03	0
2.04	0
2.05	0
2.06	199.9
2.07	223.69
2.08	232.35
2.09	239.05
2.1	245.76
2.11	253.72
2.12	260.78
2.13	260.74
2.14	263.09
2.15	260.97
2.16	261.94
2.17	259.77
2.18	259.72
2.19	259.94
2.2	261.43
2.21	263.52
2.22	265.68
2.23	266.43
2.24	268.47
2.25	271.47
2.26	271.85
2.27	272.19
2.28	274.24
2.29	275.53
2.3	275.34
2.31	268.3
2.32	258.96
2.33	255.07
2.34	255.23
2.35	259.12
2.36	260.59
2.37	267.45
2.38	273.7
2.39	278.29
2.4	282.87
2.41	283.88
2.42	278.46
2.43	271.08
2.44	264.34
2.45	257.81
2.46	257.6
2.47	259.76
2.48	263.49
2.49	263.52
2.5	258.78
2.51	0
2.52	0
2.53	0
2.54	0
2.55	0
2.56	0
2.57	0
2.58	0
2.59	0
2.6	0
2.61	0
2.62	0
2.63	0
2.64	0
2.65	0
2.66	0
2.67	0
2.68	0
2.69	0
2.7	0
2.71	0
2.72	0
2.73	0
2.74	0
2.75	0
2.76	0
2.77	0
2.78	0
2.79	0
2.8	0
2.81	0
2.82	0
2.83	0
2.84	0
2.85	0
2.86	0
2.87	0
2.88	0
2.89	0
2.9	269.11
2.91	265.19
2.92	263.09
2.93	261.7
2.94	259.53
2.95	258.79
2.96	259.79
2.97	262.15
2.98	265.99
2.99	271.19
3	279.09
3.01	290.72
3.02	295.39
3.03	301.21
3.04	308.99
3.05	310.17
3.06	303.61
3.07	295.65
3.08	0
3.09	0
3.1	0
3.11	0
3.12	0
3.13	0
3.14	0
3.15	0
3.16	0
3.17	0
3.18	0
3.19	0
3.2	0
3.21	0
3.22	0
3.23	0
3.24	0
3.25	0
3.26	0
3.27	0
3.28	246.49
3.29	258.64
3.3	262.22
3.31	262.79
3.32	261.6
3.33	260.23
3.34	259.89
3.35	260.19
3.36	260.34
3.37	260.14
3.38	259.85
3.39	259.58
3.4	259.23
3.41	259.4
3.42	259.58
3.43	259.67
3.44	259.28
3.45	259.76
3.46	260.87
3.47	261.34
3.48	260.84
3.49	260.23
3.5	260.06
3.51	260.74
3.52	262.28
3.53	264.23
3.54	264.24
3.55	265.57
3.56	264.98
3.57	264.19
3.58	261.8
3.59	259.62
3.6	259.45
3.61	263.8
3.62	265.66
3.63	266.44
3.64	265.75
3.65	269.24
3.66	272.44
3.67	264.58
3.68	261.17
3.69	262.69
3.7	0
3.71	0
3.72	0
3.73	0
3.74	0
3.75	0
3.76	0
3.77	0
3.78	0
3.79	0
3.8	0
3.81	0
3.82	0
3.83	0
3.84	0
3.85	0
3.86	0
3.87	0
3.88	0
3.89	0
3.9	0
3.91	0
3.92	0
3.93	0
3.94	0
3.95	0
3.96	0
3.97	0
3.98	0
3.99	0
4	0
4.01	0
4.02	0
4.03	0
4.04	0
4.05	0
4.06	234.06
4.07	242.84
4.08	249.92
4.09	253.61
4.1	252.21
4.11	250.03
4.12	249.59
4.13	251.61
4.14	253.96
4.15	258.32
4.16	265.85
4.17	270.6
4.18	278.21
4.19	286.61
4.2	291.19
4.21	292.55
4.22	300.58
4.23	303.85
4.24	302.74
4.25	303.7
4.26	0
4.27	0
4.28	0
4.29	0
4.3	0
4.31	0
4.32	0
4.33	0
4.34	0
4.35	0
4.36	0
4.37	0
4.38	0
4.39	245.25
4.4	257.05
4.41	260.49
4.42	265.78
4.43	267.16
4.44	263.48
4.45	261.85
4.46	264.43
4.47	265.36
4.48	264.86
4.49	265.55
4.5	266.19
4.51	266.06
4.52	266.27
4.53	266.11
4.54	265.5
4.55	265.35
4.56	265.6
4.57	265.27
4.58	264.02
4.59	262.5
4.6	259.85
4.61	255.81
4.62	254.69
4.63	250.39
4.64	245.04
4.65	236.47
4.66	236.89
4.67	238.05
4.68	232.47
4.69	0
4.7	0
4.71	0
4.72	0
4.73	0
4.74	0
4.75	0
4.76	0
4.77	0
4.78	0
4.79	0
4.8	0
4.81	0
4.82	0
4.83	0
4.84	0
4.85	0
4.86	0
4.87	0
4.88	0
4.89	0
4.9	0
4.91	0
4.92	0
4.93	0
4.94	0
4.95	0
4.96	0
4.97	0
4.98	162.24
4.99	173.18
5	174.63
5.01	174.12
5.02	169.66
5.03	169.63
5.04	163.38
5.05	165.81
5.06	167.22
5.07	167.51
5.08	167.94
5.09	168
5.1	168.81
5.11	170.02
5.12	171.41
5.13	173.31
5.14	177.91
5.15	178.41
5.16	178.57
5.17	174.49
5.18	169.32
5.19	169.25
5.2	172.06
5.21	182.57
5.22	190.65
5.23	202.48
5.24	231.67
5.25	261.15
5.26	268.34
5.27	276.34
5.28	271.59
5.29	267.42
5.3	263.31
5.31	259.63
5.32	259.62
5.33	264.49
5.34	271.59
5.35	277.52
5.36	281.21
5.37	290.25
5.38	294.86
5.39	297.65
5.4	301.12
5.41	301.02
5.42	299.47
5.43	296.36
5.44	290.76
5.45	286.74
5.46	285.73
5.47	286.4
5.48	287.02
5.49	288.74
5.5	289.05
5.51	291.93
5.52	292.33
5.53	291.79
5.54	288.26
5.55	285.51
5.56	282.79
5.57	282.18
5.58	276.46
5.59	272.09
5.6	266.2
5.61	262.21
5.62	259.7
5.63	260.17
5.64	260.72
5.65	262.95
5.66	265.16
5.67	267.32
5.68	269.16
5.69	270.08
5.7	269.26
5.71	267.84
5.72	266.68
5.73	266
5.74	265.28
5.75	264.56
5.76	262.44
5.77	262.09
5.78	262.75
5.79	263.72
5.8	264.93
5.81	266.66
5.82	268.47
5.83	270.97
5.84	270.42
5.85	270.42
5.86	270.42
5.87	0
5.88	0
5.89	0
5.9	0
5.91	0
5.92	0
5.93	0
5.94	0
5.95	0
5.96	0
5.97	0
5.98	0
5.99	0
6	0
6.01	0
6.02	0
6.03	0
6.04	0
6.05	0
6.06	0
6.07	0
6.08	0
6.09	0
6.1	0
6.11	0
6.12	0
6.13	0
6.14	0
6.15	0
6.16	0
6.17	0
6.18	174.15
6.19	188.81
6.2	185.74
6.21	180.63
6.22	166.72
6.23	0
6.24	0
6.25	0
6.26	0
6.27	0
6.28	0
6.29	0
6.3	0
6.31	0
6.32	0
6.33	0
6.34	0
6.35	0
6.36	0
6.37	0
6.38	0
6.39	0
6.4	0
6.41	0
6.42	0
6.43	0
6.44	0
6.45	0
6.46	275.16
6.47	276.27
6.48	274.86
6.49	268.55
6.5	265.85
6.51	266.79
6.52	269.2
6.53	275.4
6.54	278.17
6.55	285.09
6.56	288.8
6.57	294.97
6.58	298.36
6.59	303.69
6.6	304.7
6.61	306.16
6.62	305.39
6.63	303.04
6.64	299.76
6.65	298.06
6.66	297.45
6.67	297.84
6.68	299.17
6.69	300.6
6.7	305.71
6.71	307.69
6.72	309.32
6.73	306.14
6.74	303.9
6.75	294.92
6.76	290.18
6.77	280.87
6.78	268.93
6.79	262.97
6.8	264.59
6.81	268.07
6.82	265.88
6.83	265.95
6.84	265.49
6.85	264.73
6.86	265.44
6.87	265.92
6.88	266.79
6.89	266.82
6.9	265.28
6.91	264.11
6.92	262.9
6.93	262.27
6.94	261.8
6.95	261.37
6.96	261.9
6.97	261.89
6.98	262.23
6.99	263.6
7	263.43
7.01	259.17
7.02	250.18
7.03	0
7.04	0
7.05	0
7.06	0
7.07	0
7.08	0
7.09	0
7.1	0
7.11	0
7.12	0
7.13	0
7.14	0
7.15	0
7.16	0
7.17	0
7.18	0
7.19	0
7.2	0
7.21	0
7.22	0
7.23	0
7.24	0
7.25	0
7.26	0
7.27	0
7.28	0
7.29	0
7.3	0
7.31	0
7.32	0
7.33	0
7.34	0
7.35	0
7.36	0
7.37	198.58
7.38	205.77
7.39	221.44
7.4	232.35
7.41	239.32
7.42	249.8
7.43	254.68
7.44	259.07
7.45	263.38
7.46	263.16
7.47	260.39
7.48	259.86
7.49	260.22
7.5	260.11
7.51	260.43
7.52	261.49
7.53	264.4
7.54	266.34
7.55	268.16
7.56	271.52
7.57	273.34
7.58	272.53
7.59	270.49
7.6	267.63
7.61	265.65
7.62	258.24
7.63	258.29
7.64	258.42
7.65	265.86
7.66	274.78
7.67	282.86
7.68	288.79
7.69	295.97
7.7	300.77
7.71	304.35
7.72	307.04
7.73	307.04
7.74	307.04
7.75	301.32
7.76	295.1
7.77	286.58
7.78	281.45
7.79	0
7.8	0
7.81	0
7.82	0
7.83	0
7.84	0
7.85	0
7.86	0
7.87	0
7.88	0
7.89	0
7.9	0
7.91	0
7.92	0
7.93	0
7.94	255.99
7.95	266.19
7.96	264.35
7.97	261.54
7.98	260.36
7.99	260.85
8	261.44
8.01	262.35
8.02	263.24
8.03	264.39
8.04	264.15
8.05	264.32
8.06	264.9
8.07	265.39
8.08	265.7
8.09	266.28
8.1	266.27
8.11	266.58
8.12	266.99
8.13	267.49
8.14	267.88
8.15	269.43
8.16	270.94
8.17	274.76
8.18	277.43
8.19	284.59
8.2	287.29
8.21	293.32
8.22	297.59
8.23	306.99
8.24	304.23
8.25	299.36
8.26	287.8
8.27	274.79
8.28	266.61
8.29	268.43
8.3	267.43
8.31	259.57
8.32	261.03
8.33	267.16
8.34	274.39
8.35	277.38
8.36	284.01
8.37	286.06
8.38	285.78
8.39	283.9
8.4	277.44
8.41	264.36
8.42	274.56
8.43	258.32
8.44	261.68
8.45	250.88
8.46	249.94
8.47	247.69
8.48	248.48
8.49	251.26
8.5	257.68
8.51	260.64
8.52	263.75
8.53	268.02
8.54	271.8
8.55	268.29
8.56	269.84
8.57	267.61
8.58	267.44
8.59	267.2
8.6	267.53
8.61	268.62
8.62	269.71
8.63	273.21
8.64	274.34
8.65	273.34
8.66	272.6
8.67	268.05
8.68	258.5
8.69	248.22
8.7	235.55
8.71	0
8.72	0
8.73	0
8.74	0
8.75	0
8.76	0
8.77	0
8.78	0
8.79	253.72
8.8	277.1
8.81	292.43
8.82	298.82
8.83	302.18
8.84	303.94
8.85	304.28
8.86	302.45
8.87	299.82
8.88	298.03
8.89	296.65
8.9	295.58
8.91	291.72
8.92	282.94
8.93	0
8.94	0
8.95	0
8.96	0
8.97	0
8.98	0
8.99	0
9	0
9.01	0
9.02	0
9.03	0
9.04	0
9.05	0
9.06	0
9.07	286.86
9.08	286.99
9.09	288.92
9.1	294.33
9.11	302.15
9.12	304.32
9.13	306.36
9.14	306.76
9.15	306.44
9.16	306.52
9.17	307.18
9.18	308.39
9.19	310.34
9.2	311.55
9.21	311.28
9.22	308.33
9.23	305.7
9.24	308.97
9.25	324.87
9.26	327.09
9.27	327.49
9.28	327.17
9.29	326.08
9.3	323
9.31	321.17
9.32	321.61
9.33	323.44
9.34	326.42
9.35	328.72
9.36	330.21
9.37	331.14
9.38	331.55
9.39	331.3
9.4	331.58
9.41	332.14
9.42	332.51
9.43	332.73
9.44	332.83
9.45	332.86
9.46	332.86
9.47	333.1
9.48	333.66
9.49	333.79
9.5	333.44
9.51	332.86
9.52	332.57
9.53	332.54
9.54	332.36
9.55	332.12
9.56	332.74
9.57	332.84
9.58	332.73
9.59	333.14
9.6	333.5
9.61	333.23
9.62	332.33
9.63	332.52
9.64	333.24
9.65	332.98
9.66	333.27
9.67	333.65
9.68	332.87
9.69	332.23
9.7	332.32
9.71	331.95
9.72	332.19
9.73	332.95
9.74	333.61
9.75	333.4
9.76	332.83
9.77	332.65
9.78	332.66
9.79	332.3
9.8	332.48
9.81	333.22
9.82	334.01
9.83	334.94
9.84	336.04
9.85	335.77
9.86	335.94
9.87	335.16
9.88	334.07
9.89	333.98
9.9	333.89
9.91	333.72
9.92	330.4
9.93	0
9.94	0
9.95	0
9.96	0
9.97	0
9.98	0
9.99	0
10	0
10.01	0
10.02	0
10.03	266.24
10.04	267.19
10.05	268
10.06	267.54
10.07	266.95
10.08	264.79
10.09	0
10.1	0
10.11	0
10.12	0
10.13	0
10.14	0
10.15	0
10.16	0
10.17	0
10.18	0
10.19	0
10.2	0
10.21	0
10.22	0
10.23	0
10.24	0
10.25	0
10.26	0
10.27	0
10.28	0
10.29	0
10.3	0
10.31	0
10.32	318.85
10.33	322.39
10.34	329.63
10.35	336.32
10.36	343.94
10.37	348.66
10.38	353.97
10.39	356.82
10.4	358.45
10.41	351.84
10.42	356.17
10.43	361.42
10.44	362.33
10.45	361.75
10.46	360.48
10.47	358.64
10.48	356.63
10.49	355.97
10.5	356.6
10.51	356.7
10.52	355.68
10.53	354.78
10.54	354.62
10.55	354.05
10.56	352.72
10.57	353.11
10.58	352.12
10.59	351.13
10.6	351.36
10.61	351.05
10.62	349.82
10.63	349.44
10.64	350.16
10.65	351
10.66	352.29
10.67	353.96
10.68	355.6
10.69	358.78
10.7	360.56
10.71	360.73
10.72	360.56
10.73	360.68
10.74	360.54
10.75	359.08
10.76	356.53
10.77	352.97
10.78	348.98
10.79	345.05
10.8	340.73
10.81	338.13
10.82	338.83
10.83	341.53
10.84	345.14
10.85	347.82
10.86	351.14
10.87	356.96
10.88	364.38
10.89	365.42
10.9	365.34
10.91	365.32
10.92	363.41
10.93	359.77
10.94	352.14
10.95	348.54
10.96	342.96
10.97	338.53
10.98	339.19
10.99	343.32
11	344.96
11.01	347.65
11.02	348.01
11.03	346.72
11.04	342.38
11.05	336.92
11.06	326.97
11.07	323.81
11.08	304.05
11.09	305.76
11.1	305.51
11.11	308.74
11.12	311.25
11.13	319.42
11.14	326.47
11.15	333.66
11.16	337.62
11.17	342.93
11.18	345.56
11.19	346.27
11.2	346.26
11.21	345.42
11.22	344.67
11.23	343.46
11.24	343.11
11.25	344.22
11.26	345.14
11.27	346.08
11.28	347.27
11.29	348.52
11.3	0
11.31	0
11.32	0
11.33	0
11.34	331.55
11.35	335.8
11.36	341.71
11.37	346.68
11.38	346.32
11.39	345.66
11.4	346.33
11.41	347.14
11.42	348.15
11.43	348.34
11.44	347.81
11.45	0
11.46	0
11.47	0
11.48	0
11.49	0
11.5	0
11.51	0
11.52	0
11.53	0
11.54	0
11.55	0
11.56	0
11.57	0
11.58	0
11.59	0
11.6	0
11.61	0
11.62	0
11.63	0
11.64	0
11.65	0
11.66	0
11.67	339.48
11.68	348.65
11.69	352.79
11.7	353.4
11.71	353.62
11.72	351.59
11.73	349.49
11.74	348.99
11.75	349.47
11.76	350.46
11.77	350.57
11.78	351.76
11.79	353.13
11.8	353.93
11.81	355.74
11.82	358.15
11.83	359.28
11.84	361.39
11.85	363.31
11.86	363.79
11.87	363.07
11.88	359.12
11.89	356.17
11.9	351.89
11.91	347.26
11.92	343.6
11.93	340.42
11.94	339.04
11.95	341.48
11.96	346.65
11.97	356.32
11.98	368.47
11.99	384.38
12	387.4
12.01	392.2
12.02	396.09
12.03	388.48
12.04	374.08
12.05	363.92
12.06	343.92
12.07	340.99
12.08	335.65
12.09	334.99
12.1	336.96
12.11	343.81
12.12	349.09
12.13	353.3
12.14	357.13
12.15	352.39
12.16	344.55
12.17	326.43
12.18	303.52
12.19	274.98
12.2	265.81
12.21	258.51
12.22	257.04
12.23	256.59
12.24	256.21
12.25	256.36
12.26	254.5
12.27	256.27
12.28	256.44
12.29	253.69
12.3	251.58
12.31	252.59
12.32	252.08
12.33	252.47
12.34	253.7
12.35	253.18
12.36	255.81
12.37	251.38
12.38	252.14
12.39	260.36
12.4	264.77
12.41	265.57
12.42	264.3
12.43	263.78
12.44	264.32
12.45	265.49
12.46	266.45
12.47	266.8
12.48	266.87
12.49	265.97
12.5	264.19
12.51	258.09
12.52	241.54
12.53	227.7
12.54	228.48
12.55	221.92
12.56	217.68
12.57	220.07
12.58	219.96
12.59	221.66
12.6	224.62
12.61	225.13
12.62	224.48
12.63	0
12.64	0
12.65	0
12.66	0
12.67	0
12.68	0
12.69	0
12.7	0
12.71	0
12.72	0
12.73	0
12.74	0
12.75	0
12.76	0
12.77	0
12.78	0
12.79	0
12.8	0
12.81	0
12.82	0
12.83	0
12.84	0
12.85	0
12.86	238.35
12.87	246.16
12.88	260.01
12.89	258.02
12.9	257.59
12.91	259.97
12.92	262.92
12.93	264.36
12.94	266.1
12.95	268.57
12.96	275.11
12.97	277.84
12.98	281.36
12.99	285.49
13	288.54
13.01	293.4
13.02	296.75
13.03	297.51
13.04	295.79
13.05	0
13.06	0
13.07	0
13.08	0
13.09	0
13.1	0
13.11	0
13.12	0
13.13	0
13.14	0
13.15	0
13.16	294.28
13.17	292.76
13.18	290.06
13.19	295.02
13.2	300.46
13.21	303.15
13.22	302.88
13.23	300.91
13.24	299.51
13.25	298.63
13.26	297.68
13.27	296.37
13.28	295.69
13.29	296.03
13.3	296.51
13.31	296.17
13.32	296
13.33	295.79
13.34	295.65
13.35	295.88
13.36	296.66
13.37	297.71
13.38	298.77
13.39	300.44
13.4	302.12
13.41	303.42
13.42	304.64
13.43	305.75
13.44	306.64
13.45	308.58
13.46	307.3
13.47	306.07
13.48	303.54
13.49	302.31
13.5	304.21
13.51	307.31
13.52	300.9
13.53	296.91
13.54	294.47
13.55	286.04
13.56	283.97
13.57	279.63
13.58	283.08
13.59	284.31
13.6	293.85
13.61	301.83
13.62	306.99
13.63	309.02
13.64	313.27
13.65	310.6
13.66	308
13.67	310.78
13.68	308.1
13.69	302.74
13.7	297.72
13.71	285.84
13.72	278.22
13.73	269.82
13.74	262.57
13.75	278.86
13.76	279.22
13.77	286.59
13.78	297.89
13.79	312.97
13.8	326.2
13.81	335.21
13.82	339.4
13.83	343.05
13.84	348.27
13.85	349.98
13.86	358.46
13.87	338.24
13.88	317.91
13.89	296.08
13.9	290.7
13.91	284.17
13.92	276.68
13.93	276.45
13.94	292.46
13.95	297.09
13.96	309.45
13.97	321.84
13.98	346.08
13.99	343.14
14	354.45
14.01	355.98
14.02	362.15
14.03	366.29
14.04	363.3
14.05	356.17
14.06	357.48
14.07	338.66
14.08	330.7
14.09	295.08
14.1	300.67
14.11	279.32
14.12	0
14.13	0
14.14	0
14.15	0
14.16	0
14.17	0
14.18	0
14.19	0
14.2	0
14.21	0
14.22	0
14.23	0
14.24	0
14.25	0
14.26	0
14.27	0
14.28	0
14.29	0
14.3	0
14.31	0
14.32	0
14.33	0
14.34	0
14.35	0
14.36	0
14.37	0
14.38	0
14.39	0
14.4	0
14.41	0
14.42	0
14.43	0
14.44	0
14.45	0
14.46	0
14.47	0
14.48	0
14.49	0
14.5	0
14.51	0
14.52	0
14.53	0
14.54	0
14.55	0
14.56	0
14.57	0
14.58	0
14.59	0
14.6	0
14.61	0
14.62	0
14.63	0
14.64	0
14.65	0
14.66	0
14.67	0
14.68	0
14.69	0
14.7	0
14.71	0
14.72	0
14.73	0
14.74	0
14.75	0
14.76	0
14.77	0
14.78	0
14.79	0
14.8	0
14.81	0
14.82	0
14.83	0
14.84	0
14.85	0
14.86	0
14.87	0
14.88	0
14.89	0
14.9	0
14.91	0
14.92	0
14.93	0
14.94	0
14.95	0
14.96	0
14.97	0
14.98	0
14.99	0
15	0
15.01	0
15.02	0
15.03	0
15.04	0
15.05	0
15.06	0
15.07	0
15.08	0
15.09	0
15.1	0
15.11	0
15.12	0
15.13	0
15.14	0
15.15	0
15.16	0
15.17	0
15.18	0
15.19	0
15.2	0
15.21	0
15.22	0
15.23	0
15.24	0
15.25	0
15.26	0
15.27	0
15.28	0
15.29	0
15.3	0
15.31	0
15.32	0
15.33	0
15.34	0
15.35	0
15.36	0
15.37	0
15.38	0
15.39	0
15.4	0
15.41	0
15.42	0
15.43	0
15.44	0
15.45	0
15.46	0
15.47	0
15.48	0
15.49	0
15.5	0
15.51	0
15.52	0
15.53	0
15.54	0
15.55	0
15.56	0
15.57	0
15.58	0
15.59	0
15.6	0
15.61	0
15.62	0
15.63	0
15.64	0
15.65	0
15.66	0
15.67	0
15.68	0
15.69	0
15.7	0
15.71	0
15.72	0
15.73	0
15.74	0
15.75	0
15.76	0
15.77	0
15.78	0
15.79	0
15.8	154.93
15.81	155.04
15.82	145.21
15.83	147.68
15.84	153.62
15.85	159.24
15.86	165.68
15.87	184.3
15.88	205.55
15.89	239.73
15.9	268.46
15.91	290.24
15.92	306.59
15.93	317.35
15.94	328.64
15.95	333.59
15.96	338.34
15.97	343.93
15.98	345.36
15.99	345.77
16	346.21
16.01	347.65
16.02	348.8
16.03	349.11
16.04	349.54
16.05	348.95
16.06	347.73
16.07	344.06
16.08	332.12
16.09	0
16.1	0
16.11	0
16.12	0
16.13	0
16.14	0
16.15	0
16.16	0
16.17	345.64
16.18	345.77
16.19	345.34
16.2	347.78
16.21	349.08
16.22	350.52
16.23	350.93
16.24	353.14
16.25	353.58
16.26	351.61
16.27	350.35
16.28	350.87
16.29	350.09
16.3	349.12
16.31	348.73
16.32	348.27
16.33	348.38
16.34	350.3
16.35	352.58
16.36	350.72
16.37	349.03
16.38	346.73
16.39	345.51
16.4	345.91
16.41	344.67
16.42	341.89
16.43	340.83
16.44	341.64
16.45	344.06
16.46	346.04
16.47	350.08
16.48	349.27
16.49	347.96
16.5	347.11
16.51	347.09
16.52	346.52
16.53	344.75
16.54	344.23
16.55	345.92
16.56	347.33
16.57	347.96
16.58	349.99
16.59	352.65
16.6	356.72
16.61	362.59
16.62	367.17
16.63	374.27
16.64	374.88
16.65	376.21
16.66	374.81
16.67	373.39
16.68	366.2
16.69	362.53
16.7	348.51
16.71	334.83
16.72	329.35
16.73	327.88
16.74	329.84
16.75	332.95
16.76	339.05
16.77	345.21
16.78	349.91
16.79	357.86
16.8	359.1
16.81	364.42
16.82	366.47
16.83	363.61
16.84	357.08
16.85	349.53
16.86	343.88
16.87	341.13
16.88	338.99
16.89	337.26
16.9	336.33
16.91	338.45
16.92	344.64
16.93	343.92
16.94	343.93
16.95	343.03
16.96	337.73
16.97	328.16
16.98	304.73
16.99	270.79
17	258.56
17.01	252.03
17.02	255.12
17.03	256.08
17.04	258.04
17.05	254.89
17.06	260.04
17.07	258.27
17.08	259.15
17.09	0
17.1	0
17.11	0
17.12	0
17.13	0
17.14	0
17.15	0
17.16	0
17.17	0
17.18	0
17.19	0
17.2	0
17.21	0
17.22	0
17.23	0
17.24	0
17.25	0
17.26	0
17.27	0
17.28	0
17.29	0
17.3	0
17.31	0
17.32	295.07
17.33	306.23
17.34	315.5
17.35	308.48
17.36	305.79
17.37	301.6
17.38	301.12
17.39	295.77
17.4	289.87
17.41	278.62
17.42	269.7
17.43	259.68
17.44	249.97
17.45	241.53
17.46	234.47
17.47	230.08
17.48	226.44
17.49	228.44
17.5	222.58
17.51	222.3
17.52	219.68
17.53	219.54
17.54	215.85
17.55	215.3
17.56	215.98
17.57	212.56
17.58	202.9
17.59	203.33
17.6	208.56
17.61	210.92
17.62	215.49
17.63	219.18
17.64	221.45
17.65	222.14
17.66	221.02
17.67	221.01
17.68	218.77
17.69	0
17.7	0
17.71	0
17.72	0
17.73	0
17.74	0
17.75	0
17.76	0
17.77	0
17.78	0
17.79	0
17.8	0
17.81	0
17.82	250.72
17.83	253.67
17.84	258.02
17.85	260.56
17.86	259.24
17.87	258.82
17.88	257.63
17.89	255.95
17.9	255.09
17.91	254.3
17.92	255.45
17.93	256.5
17.94	256.95
17.95	257.36
17.96	258.34
17.97	258.63
17.98	258.24
17.99	259.61
18	259.08
18.01	258.64
18.02	259.08
18.03	258.89
18.04	257.49
18.05	256.05
18.06	256.6
18.07	256.77
18.08	257.69
18.09	257.24
18.1	257.36
18.11	258.91
18.12	259.67
18.13	260.5
18.14	260.59
18.15	262.11
18.16	265.49
18.17	268.38
18.18	273.43
18.19	276.11
18.2	275.01
18.21	271.01
18.22	269.02
18.23	261.65
18.24	255.76
18.25	253.07
18.26	249.59
18.27	247.85
18.28	252.21
18.29	253.79
18.3	258.4
18.31	264.76
18.32	268.87
18.33	277.65
18.34	285.7
18.35	292.91
18.36	297.81
18.37	291.15
18.38	294.21
18.39	285.65
18.4	277.79
18.41	266.97
18.42	262.25
18.43	258.07
18.44	254.21
18.45	256.21
18.46	258.62
18.47	268.21
18.48	275.67
18.49	285.55
18.5	294.87
18.51	299.35
18.52	300.95
18.53	301.25
18.54	302.41
18.55	289.01
18.56	282.31
18.57	270.28
18.58	262.04
18.59	258.38
18.6	251.63
18.61	248.95
18.62	250.61
18.63	256.26
18.64	260.11
18.65	258.19
18.66	259.22
18.67	265.89
18.68	265.07
18.69	267.41
18.7	267.56
18.71	273.14
18.72	262.92
18.73	261.68
18.74	251.17
18.75	245.05
18.76	238.22
18.77	237.79
18.78	231.65
18.79	232.65
18.8	235.69
18.81	240.6
18.82	245.42
18.83	256.38
18.84	256.81
18.85	264.34
18.86	279.7
18.87	291.89
18.88	304.23
18.89	304.27
18.9	302.26
18.91	296.71
18.92	284.64
18.93	266.2
18.94	265.53
18.95	256.34
18.96	247.89
18.97	236.62
18.98	233.8
18.99	233.8
19	233.8
19.01	233.8
19.02	242.25
19.03	250.7
19.04	256.34
19.05	270.42
19.06	278.87
19.07	290.14
19.08	292.02
19.09	295.77
19.1	295.77
19.11	292.96
19.12	292.96
19.13	287.32
19.14	281.69
19.15	274.18
19.16	270.42
19.17	261.97
19.18	250.7
19.19	235.68
19.2	230.99
19.21	230.99
19.22	0
19.23	0
19.24	0
19.25	0
19.26	0
19.27	0
19.28	0
19.29	0
19.3	0
19.31	0
19.32	0
19.33	0
19.34	0
19.35	0
19.36	0
19.37	0
19.38	0
19.39	0
19.4	0
19.41	0
19.42	0
19.43	0
19.44	0
19.45	0
19.46	0
19.47	0
19.48	0
19.49	0
19.5	0
19.51	0
19.52	0
19.53	0
19.54	0
19.55	0
19.56	0
19.57	0
19.58	0
19.59	0
19.6	0
19.61	0
19.62	0
19.63	0
19.64	0
19.65	0
19.66	0
19.67	0
19.68	0
19.69	0
19.7	0
19.71	0
19.72	0
19.73	0
19.74	0
19.75	0
19.76	0
19.77	0
19.78	0
19.79	0
19.8	0
19.81	0
19.82	0
19.83	0
19.84	0
19.85	0
19.86	0
19.87	0
19.88	0
19.89	0
19.9	0
19.91	0
19.92	0
19.93	0
19.94	0
19.95	0
19.96	0
19.97	0
19.98	0
19.99	0
20	0
20.01	0
20.02	0
20.03	0
20.04	0
20.05	0
20.06	0
20.07	0
20.08	0
20.09	0
20.1	0
20.11	0
20.12	0
20.13	0
20.14	0
20.15	0
20.16	0
20.17	0
20.18	0
20.19	0
20.2	0
20.21	0
20.22	0
20.23	0
20.24	0
20.25	0
20.26	0
20.27	0
20.28	0
20.29	0
20.3	0
20.31	0
20.32	0
20.33	0
20.34	0
20.35	0
20.36	0
20.37	0
20.38	0
20.39	0
20.4	0
20.41	0
20.42	0
20.43	0
20.44	0
20.45	0
20.46	0
20.47	0
20.48	0
20.49	0
20.5	0
20.51	0
20.52	0
20.53	0
20.54	0
20.55	0
20.56	0
20.57	0
20.58	0
20.59	0
20.6	0
20.61	0
20.62	0
20.63	0
20.64	0
20.65	0
20.66	232.24
20.67	255.8
20.68	273.65
20.69	299.51
20.7	315.07
20.71	328.74
20.72	332.42
20.73	334.86
20.74	341.08
20.75	345.05
20.76	346.41
20.77	346.45
20.78	346.16
20.79	346.97
20.8	348.07
20.81	349.62
20.82	351.14
20.83	356.64
20.84	361.06
20.85	362.73
20.86	363.55
20.87	352.63
20.88	345.62
20.89	331.15
20.9	343.87
20.91	333.86
20.92	331.46
20.93	320.95
20.94	326.17
20.95	332.94
20.96	333
20.97	330.33
20.98	336.51
20.99	347.17
21	355.72
21.01	353.35
21.02	351.35
21.03	352.73
21.04	356.1
21.05	357.6
21.06	354.81
21.07	351.62
21.08	350.49
21.09	347.7
21.1	339.78
21.11	0
21.12	0
21.13	0
21.14	0
21.15	0
21.16	0
21.17	0
21.18	0
21.19	0
21.2	0
21.21	0
21.22	0
21.23	0
21.24	352.11
21.25	352.11
21.26	357.75
21.27	357.75
21.28	357.75
21.29	357.75
21.3	357.75
21.31	357.75
21.32	349.3
21.33	343.66
21.34	344.75
21.35	345.45
21.36	346.37
21.37	347.4
21.38	350
21.39	353.59
21.4	358.63
21.41	366.06
21.42	369.17
21.43	369.46
21.44	371.18
21.45	372.99
21.46	369.43
21.47	365.03
21.48	361.02
21.49	352.52
21.5	344.56
21.51	338.76
21.52	336.66
21.53	337.23
21.54	338.75
21.55	342.91
21.56	347.54
21.57	352.49
21.58	358.27
21.59	362.14
21.6	364.01
21.61	364.34
21.62	363.95
21.63	361.65
21.64	358.3
21.65	353.58
21.66	348.56
21.67	345.74
21.68	345.22
21.69	346.2
21.7	346.8
21.71	348.83
21.72	351.8
21.73	355.13
21.74	357.77
21.75	354.01
21.76	348.57
21.77	344.62
21.78	334.77
21.79	0
21.8	0
21.81	0
21.82	0
21.83	0
21.84	249.06
21.85	251.3
21.86	251.13
21.87	250.99
21.88	251.91
21.89	253.91
21.9	257.2
21.91	258.6
21.92	258.8
21.93	259.53
21.94	260.97
21.95	261.28
21.96	261.56
21.97	259.17
21.98	258.13
21.99	258.99
22	259.09
22.01	259.04
22.02	259.15
22.03	263.2
22.04	266.3
22.05	265.31
22.06	264.21
22.07	262.87
22.08	262.62
22.09	262.93
22.1	262.84
22.11	262.73
22.12	263.01
22.13	260.54
22.14	258.96
22.15	254.6
22.16	239.24
22.17	233.62
22.18	230.34
22.19	225.31
22.2	223.61
22.21	226.22
22.22	228.04
22.23	228.93
22.24	228.54
22.25	228.69
22.26	228.67
22.27	226.25
22.28	0
22.29	0
22.3	0
22.31	0
22.32	0
22.33	0
22.34	0
22.35	0
22.36	0
22.37	0
22.38	0
22.39	0
22.4	0
22.41	188.96
22.42	215.03
22.43	250.49
22.44	273.67
22.45	288.39
22.46	294.75
22.47	298.11
22.48	305.17
22.49	307.01
22.5	306.88
22.51	306.22
22.52	305.83
22.53	306.39
22.54	307.91
22.55	310.34
22.56	315.82
22.57	319.33
22.58	323.4
22.59	330.29
22.6	333.52
22.61	335.79
22.62	337.8
22.63	341.1
22.64	341.7
22.65	340.58
22.66	338.77
22.67	337.79
22.68	336.51
22.69	335.46
22.7	334.24
22.71	332.6
22.72	326.99
22.73	329.98
22.74	314.44
22.75	0
22.76	0
22.77	0
22.78	0
22.79	0
22.8	0
22.81	0
22.82	0
22.83	222.92
22.84	233.34
22.85	252.71
22.86	270.39
22.87	282.65
22.88	289.67
22.89	287.14
22.9	286.73
22.91	287.98
22.92	291.55
22.93	294.09
22.94	295.23
22.95	296.14
22.96	296.16
22.97	296.28
22.98	295.96
22.99	296.18
23	297.13
23.01	298.57
23.02	298.68
23.03	298.14
23.04	297.82
23.05	297.99
23.06	297.51
23.07	296.37
23.08	295.6
23.09	295.62
23.1	294.96
23.11	294.75
23.12	294.53
23.13	294.73
23.14	295.16
23.15	295.99
23.16	297.69
23.17	300.45
23.18	304.03
23.19	307.15
23.2	306.34
23.21	306.98
23.22	312.01
23.23	311.09
23.24	307.37
23.25	307.31
23.26	304.25
23.27	298.77
23.28	292.08
23.29	289.76
23.3	290.19
23.31	286.87
23.32	291.33
23.33	293.43
23.34	295.5
23.35	301.93
23.36	307.81
23.37	321.54
23.38	318.95
23.39	328.41
23.4	332.31
23.41	332.04
23.42	335.08
23.43	329.9
23.44	323.59
23.45	315.13
23.46	306.14
23.47	300.54
23.48	298.79
23.49	298.81
23.5	300.53
23.51	302.17
23.52	306.07
23.53	310.17
23.54	310.82
23.55	319.26
23.56	319.63
23.57	323.5
23.58	323.63
23.59	321.11
23.6	317.78
23.61	313.23
23.62	306.57
23.63	296.99
23.64	286.13
23.65	280.8
23.66	279.19
23.67	277.36
23.68	279.55
23.69	283.6
23.7	289.39
23.71	298.62
23.72	311.96
23.73	320.5
23.74	319.48
23.75	323.07
23.76	323.58
23.77	323.31
23.78	318.32
23.79	312.32
23.8	302.95
23.81	297.11
23.82	285.19
23.83	279.17
23.84	281.04
23.85	273.74
23.86	277.49
23.87	280.78
23.88	284.43
23.89	299.62
23.9	311.6
23.91	331.69
23.92	341.5
23.93	357.41
23.94	364.77
23.95	367.04
23.96	358.8
23.97	344.97
23.98	330.81
23.99	309.61
24	294.93
24.01	287.15
24.02	273.28
24.03	269.64
24.04	268.51
24.05	273.17
24.06	277.91
24.07	278.14
24.08	298.79
24.09	309.2
24.1	317.49
24.11	333.52
24.12	326.19
24.13	328.28
24.14	316.96
24.15	318.59
24.16	305.26
24.17	304.64
24.18	297.17
24.19	287.38
24.2	292.26
24.21	291.73
24.22	306.37
24.23	305.31
24.24	311.1
24.25	326.7
24.26	329.32
24.27	0
24.28	0
24.29	0
24.3	0
24.31	0
24.32	0
24.33	0
24.34	0
24.35	0
24.36	0
24.37	0
24.38	0
24.39	0
24.4	0
24.41	0
24.42	0
24.43	0
24.44	0
24.45	0
24.46	0
24.47	0
24.48	0
24.49	0
24.5	0
24.51	0
24.52	0
24.53	0
24.54	0
24.55	0
24.56	0
24.57	0
24.58	0
24.59	0
24.6	0
24.61	0
24.62	0
24.63	0
24.64	0
24.65	0
24.66	0
24.67	0
24.68	0
24.69	0
24.7	0
24.71	0
24.72	0
24.73	0
24.74	0
24.75	0
24.76	0
24.77	0
24.78	0
24.79	0
24.8	0
24.81	0
24.82	0
24.83	0
24.84	0
24.85	0
24.86	0
24.87	0
24.88	0
24.89	0
24.9	0
24.91	0
24.92	0
24.93	0
24.94	0
24.95	0
24.96	0
24.97	0
24.98	0
24.99	0
25	0
25.01	0
25.02	0
25.03	0
25.04	0
25.05	0
25.06	0
25.07	0
25.08	0
25.09	0
25.1	0
25.11	0
25.12	0
25.13	0
25.14	0
25.15	0
25.16	0
25.17	0
25.18	0
25.19	0
25.2	0
25.21	0
25.22	0
25.23	0
25.24	0
25.25	0
25.26	0
25.27	0
25.28	0
25.29	0
25.3	0
25.31	0
25.32	0
25.33	0
25.34	0
25.35	178.79
25.36	168.24
25.37	160.51
25.38	159.32
25.39	161
25.4	151.82
25.41	155.43
25.42	159.98
25.43	164.2
25.44	172.53
25.45	183.48
25.46	203.15
25.47	220.27
25.48	240.82
25.49	260.09
25.5	274.84
25.51	290.12
25.52	300.99
25.53	307
25.54	311.49
25.55	316.73
25.56	321.36
25.57	327.51
25.58	331.87
25.59	335.2
25.6	339.41
25.61	345.08
25.62	347.57
25.63	349.76
25.64	352.74
25.65	355.51
25.66	354.79
25.67	355.16
25.68	353.34
25.69	352.47
25.7	350.76
25.71	349.94
25.72	348.84
25.73	345.92
25.74	348.76
25.75	0
25.76	0
25.77	0
25.78	331.29
25.79	333.98
25.8	340.39
25.81	350.04
25.82	351.14
25.83	349.08
25.84	348.89
25.85	348.88
25.86	348.89
25.87	348.03
25.88	347.74
25.89	347.25
25.9	347.15
25.91	348.23
25.92	348.52
25.93	347.49
25.94	349.97
25.95	349.41
25.96	347.18
25.97	351.92
25.98	351.35
25.99	351.17
26	350.14
26.01	350.51
26.02	349.99
26.03	348.78
26.04	348.17
26.05	348.48
26.06	349.55
26.07	353.56
26.08	347.65
26.09	347.21
26.1	346.94
26.11	344.94
26.12	345.65
26.13	346.5
26.14	347.06
26.15	348.36
26.16	350.26
26.17	352.87
26.18	358.97
26.19	363.28
26.2	365.66
26.21	368.81
26.22	375.58
26.23	378.22
26.24	377.37
26.25	372.42
26.26	366.01
26.27	359.91
26.28	349.01
26.29	344.77
26.3	342.92
26.31	344.17
26.32	346.67
26.33	348.67
26.34	352.06
26.35	357.98
26.36	362.1
26.37	365.4
26.38	368.26
26.39	370.68
26.4	372.12
26.41	373.59
26.42	369.48
26.43	364.58
26.44	360.01
26.45	349.76
26.46	343.98
26.47	340.48
26.48	339.59
26.49	339.04
26.5	342.2
26.51	346.15
26.52	349.56
26.53	363.68
26.54	366
26.55	365.1
26.56	359.76
26.57	348.33
26.58	0
26.59	0
26.6	0
26.61	0
26.62	0
26.63	0
26.64	0
26.65	0
26.66	231.3
26.67	251.88
26.68	269.35
26.69	267.92
26.7	269.16
26.71	270.56
26.72	268.04
26.73	267.92
26.74	268.86
26.75	252.44
26.76	233.31
26.77	0
26.78	0
26.79	0
26.8	0
26.81	0
26.82	0
26.83	0
26.84	0
26.85	0
26.86	0
26.87	0
26.88	0
26.89	0
26.9	0
26.91	265.33
26.92	270.75
26.93	287.55
26.94	295.85
26.95	302.47
26.96	301.72
26.97	301.6
26.98	299.98
26.99	295.67
27	288.53
27.01	281.15
27.02	270.25
27.03	260.21
27.04	250.91
27.05	244.31
27.06	238.11
27.07	234.67
27.08	235.12
27.09	232.21
27.1	233.37
27.11	231.08
27.12	233.14
27.13	228.71
27.14	230.63
27.15	217.17
27.16	0
27.17	0
27.18	0
27.19	0
27.2	0
27.21	0
27.22	0
27.23	0
27.24	215.47
27.25	222.33
27.26	227.26
27.27	227.75
27.28	229.55
27.29	229.23
27.3	226.59
27.31	216.56
27.32	196.19
27.33	198.96
27.34	0
27.35	0
27.36	0
27.37	0
27.38	0
27.39	0
27.4	0
27.41	0
27.42	0
27.43	0
27.44	0
27.45	0
27.46	0
27.47	0
27.48	0
27.49	0
27.5	0
27.51	247.3
27.52	258.46
27.53	265.04
27.54	266.85
27.55	267.75
27.56	266.7
27.57	263.67
27.58	264.01
27.59	262.91
27.6	262.86
27.61	263.87
27.62	267.38
27.63	267.94
27.64	267.34
27.65	267.5
27.66	268.58
27.67	269.64
27.68	268.71
27.69	268.81
27.7	268.76
27.71	267.4
27.72	266.88
27.73	266.64
27.74	266.3
27.75	266.69
27.76	267.83
27.77	266.5
27.78	266.03
27.79	267.13
27.8	268.24
27.81	269.53
27.82	269.43
27.83	269.83
27.84	270.86
27.85	272.9
27.86	277.16
27.87	274.5
27.88	261.15
27.89	254.99
27.9	250.14
27.91	246.99
27.92	248.39
27.93	249.97
27.94	256.78
27.95	263.07
27.96	271.75
27.97	283.16
27.98	287.2
27.99	287.64
28	284.38
28.01	278.68
28.02	275.81
28.03	270.36
28.04	271.93
28.05	268.29
28.06	270.9
28.07	271.24
28.08	275.26
28.09	274.8
28.1	282.39
28.11	292.43
28.12	300.32
28.13	309.88
28.14	0
28.15	0
28.16	0
28.17	0
28.18	0
28.19	0
28.2	0
28.21	0
28.22	0
28.23	0
28.24	0
28.25	0
28.26	0
28.27	0
28.28	0
28.29	0
28.3	0
28.31	0
28.32	0
28.33	0
28.34	0
28.35	0
28.36	0
28.37	0
28.38	0
28.39	0
28.4	0
28.41	0
28.42	0
28.43	0
28.44	0
28.45	0
28.46	0
28.47	0
28.48	0
28.49	0
28.5	0
28.51	0
28.52	0
28.53	0
28.54	0
28.55	0
28.56	0
28.57	0
28.58	0
28.59	0
28.6	0
28.61	0
28.62	0
28.63	0
28.64	0
28.65	0
28.66	0
28.67	0
28.68	0
28.69	0
28.7	221.42
28.71	240.8
28.72	250.46
28.73	260.66
28.74	264.65
28.75	266
28.76	264.42
28.77	260.01
28.78	257.33
28.79	254.6
28.8	253.1
28.81	253.61
28.82	256.07
28.83	259.22
28.84	261.27
28.85	266.09
28.86	268.69
28.87	276.86
28.88	286.5
28.89	293.95
28.9	297.63
28.91	296.73
28.92	296.15
28.93	296.62
28.94	295.65
28.95	294.79
28.96	295.33
28.97	295.1
28.98	294.88
28.99	294.16
29	293.05
29.01	292.13
29.02	289.05
29.03	295.4
29.04	296.64
29.05	306.02
29.06	309.78
29.07	0
29.08	0
29.09	0
29.1	0
29.11	0
29.12	0
29.13	0
29.14	0
29.15	0
29.16	0
29.17	0
29.18	0
29.19	0
29.2	0
29.21	0
29.22	0
29.23	0
29.24	0
29.25	0
29.26	0
29.27	0
29.28	0
29.29	0
29.3	232.84
29.31	234.1
29.32	241.59
29.33	251.25
29.34	257.19
29.35	258.63
29.36	258.79
29.37	258.37
29.38	258.23
29.39	257.98
29.4	258.38
29.41	257.23
29.42	256.78
29.43	256.86
29.44	257.05
29.45	258.93
29.46	259.01
29.47	258.38
29.48	260.79
29.49	0
29.5	0
29.51	0
29.52	0
29.53	0
29.54	0
29.55	0
29.56	0
29.57	0
29.58	0
29.59	0
29.6	0
29.61	0
29.62	0
29.63	0
29.64	0
29.65	0
29.66	0
29.67	0
29.68	0
29.69	0
29.7	0
29.71	0
29.72	0
29.73	0
29.74	0
29.75	0
29.76	0
29.77	0
29.78	0
29.79	0
29.8	0
29.81	0
29.82	0
29.83	0
29.84	0
29.85	0
29.86	209.13
29.87	204.19
29.88	213.87
29.89	221.72
29.9	221.34
29.91	220.28
29.92	218.49
29.93	217.36
29.94	214.82
29.95	214.55
29.96	215.31
29.97	217.25
29.98	218.23
29.99	220.25
30	220.8
30.01	221.41
30.02	221.38
30.03	222.63
30.04	221.2
30.05	221.28
30.06	221.26
30.07	221.65
30.08	222.44
30.09	221.93
30.1	221.85
30.11	220.96
30.12	220.28
30.13	218.49
30.14	220.36
30.15	219.59
30.16	219.72
30.17	221.06
30.18	220.68
30.19	220.86
30.2	221.87
30.21	221.85
30.22	221.52
30.23	220.61
30.24	220.24
30.25	221.32
30.26	223.38
30.27	222.18
30.28	225.94
30.29	222.71
30.3	224
30.31	224.15
30.32	228.57
30.33	236.93
30.34	244.25
30.35	241.35
30.36	243.49
30.37	242.42
30.38	240.08
30.39	233.94
30.4	224.84
30.41	217.61
30.42	211
30.43	205.95
30.44	205.3
30.45	207.02
30.46	205.04
30.47	212.58
30.48	215.55
30.49	223.01
30.5	229.24
30.51	232.79
30.52	242.72
30.53	242.31
30.54	249.1
30.55	245.36
30.56	239.32
30.57	232.83
30.58	232.56
30.59	227.51
30.6	220.2
30.61	215.67
30.62	216.91
30.63	216.9
30.64	216.9
30.65	0
30.66	0
30.67	0
30.68	0
30.69	0
30.7	0
30.71	0
30.72	0
30.73	0
30.74	192.33
30.75	200.02
30.76	197.51
30.77	196.84
30.78	198.01
30.79	196.47
30.8	195.29
30.81	194.61
30.82	193.66
30.83	192.74
30.84	191.81
30.85	192.43
30.86	191.82
30.87	192.27
30.88	192.05
30.89	192.51
30.9	196.08
30.91	201.41
30.92	205.71
30.93	207.24
30.94	206.86
30.95	203.04
30.96	202.73
30.97	199.02
30.98	195.21
30.99	193.31
31	186.15
31.01	177.73
31.02	181.31
31.03	178.63
31.04	180.07
31.05	188.11
31.06	197.1
31.07	206.65
31.08	221.06
31.09	225.55
31.1	236.18
31.11	238.17
31.12	235.18
31.13	232.98
31.14	225.73
31.15	215.52
31.16	202.64
31.17	188.98
31.18	184.35
31.19	184.06
31.2	188.75
31.21	0
31.22	0
31.23	0
31.24	0
31.25	0
31.26	0
31.27	0
31.28	0
31.29	0
31.3	0
31.31	0
31.32	0
31.33	0
31.34	0
31.35	0
31.36	0
31.37	0
31.38	0
31.39	0
31.4	0
31.41	0
31.42	0
31.43	0
31.44	0
31.45	0
31.46	0
31.47	0
31.48	0
31.49	0
31.5	0
31.51	0
31.52	0
31.53	0
31.54	0
31.55	0
31.56	0
31.57	0
31.58	0
31.59	0
31.6	0
31.61	0
31.62	0
31.63	148.62
31.64	168.48
31.65	176.7
31.66	186.49
31.67	194.78
31.68	202.02
31.69	208.54
31.7	213.17
31.71	216.8
31.72	218.96
31.73	219.92
31.74	218.65
31.75	219.09
31.76	221.5
31.77	223.53
31.78	225.17
31.79	229.77
31.8	233.98
31.81	238.82
31.82	243.05
31.83	247.38
31.84	250.45
31.85	251.47
31.86	252.41
31.87	253.36
31.88	253.28
31.89	251.86
31.9	250.2
31.91	250.1
31.92	250.94
31.93	253.26
31.94	258.87
31.95	266.19
31.96	273.68
31.97	280.9
31.98	283.29
31.99	282.37
32	281.42
32.01	275.08
32.02	266.79
32.03	259.73
32.04	257.45
32.05	257.95
32.06	260.33
32.07	263.16
32.08	266.86
32.09	270.83
32.1	275.95
32.11	281.51
32.12	284.39
32.13	281.85
32.14	276.17
32.15	270.38
32.16	266.76
32.17	263.93
32.18	259.73
32.19	258.48
32.2	260.11
32.21	262.44
32.22	263.49
32.23	264.78
32.24	261.67
32.25	257.21
32.26	248.25
32.27	239.54
32.28	236.15
32.29	233.15
32.3	232.09
32.31	234.92
32.32	234.94
32.33	234.95
32.34	234.32
32.35	232.71
32.36	230.34
32.37	227.64
32.38	222.76
32.39	218.28
32.4	213.36
32.41	212.92
32.42	213.55
32.43	213.02
32.44	214.39
32.45	214.85
32.46	213.94
32.47	212.77
32.48	211.76
32.49	208.65
32.5	204.35
32.51	199.46
32.52	194.5
32.53	192.9
32.54	190.96
32.55	192.77
32.56	193.78
32.57	195.58
32.58	196.64
32.59	195.31
32.6	194.04
32.61	187.69
32.62	183.17
32.63	177.42
32.64	175.41
32.65	170.69
32.66	172.35
32.67	171.23
32.68	174.21
32.69	176.09
32.7	175.02
32.71	175.5
32.72	177.82
32.73	176.97
32.74	176.98
32.75	173.11
32.76	171.35
32.77	169.42
32.78	170.79
32.79	172.77
32.8	175.44
32.81	177.06
32.82	182.2
32.83	185.32
32.84	188.42
32.85	190.98
32.86	192.03
32.87	193.71
32.88	193.3
32.89	192.09
32.9	190.95
32.91	193.79
32.92	195.22
32.93	194.26
32.94	196.65
32.95	198.22
32.96	200.75
32.97	204.39
32.98	206.49
32.99	207.91
33	206.73
33.01	207.66
33.02	205.29
33.03	199.89
33.04	195.9
33.05	191.12
33.06	188.84
33.07	187.35
33.08	185.73
33.09	189.96
33.1	192.17
33.11	199.13
33.12	206.09
33.13	214.71
33.14	217.99
33.15	217.05
33.16	224.8
33.17	219.58
33.18	211.2
33.19	203.24
33.2	198.13
33.21	191.35
33.22	187.78
33.23	187.39
33.24	191.02
33.25	199.76
33.26	211.11
33.27	218.18
33.28	225.74
33.29	229.28
33.3	226.61
33.31	227.36
33.32	223.88
33.33	216.74
33.34	212.27
33.35	201.15
33.36	195.1
33.37	190
33.38	188.36
33.39	189.5
33.4	193.44
33.41	197.08
33.42	210.92
33.43	210.47
33.44	209.01
33.45	209.39
33.46	223.27
33.47	219.95
33.48	220.6
